数据排序	年月日	时分	PM1.0(标)	PM2.5(标)	PM10(标)	PM1.0(气)	PM2.5(气)	PM10(气)	电压
0	20-11-03	23-51	4	9	10	4	9	10	4.2
1	20-11-04	7-33	7	16	19	7	16	19	4.13
2	20-11-04	7-39	7	16	16	7	16	16	4.13
3	20-11-04	7-44	5	10	11	5	10	11	4.12
4	20-11-04	7-50	4	8	8	4	8	8	4.12
5	20-11-04	7-55	5	10	12	5	10	12	4.12
6	20-11-04	8-1	4	9	11	4	9	11	4.12
7	20-11-04	8-7	8	12	12	8	12	12	4.11
8	20-11-04	8-12	5	12	16	5	12	16	4.13
9	20-11-04	8-18	5	11	11	5	11	11	4.11
10	20-11-04	8-23	6	13	16	6	13	16	4.11
11	20-11-04	8-29	5	12	15	5	12	15	4.11
12	20-11-04	8-34	8	13	15	8	13	15	4.1
13	20-11-04	8-40	5	11	13	5	11	13	4.1
14	20-11-04	8-45	6	13	13	6	13	13	4.1
15	20-11-04	8-51	5	10	12	5	10	12	4.1
16	20-11-04	8-56	10	17	17	10	17	17	4.1
17	20-11-04	9-2	9	13	14	9	13	14	4.1
18	20-11-04	9-7	10	15	15	10	15	15	4.1
19	20-11-04	9-13	6	11	13	6	11	13	4.1
20	20-11-04	9-19	7	12	14	7	12	14	4.09
21	20-11-04	9-24	7	12	12	7	12	12	4.09
22	20-11-04	9-30	9	14	15	9	14	15	4.09
23	20-11-04	9-35	6	11	16	6	11	16	4.09
24	20-11-04	9-41	6	11	11	6	11	11	4.09
25	20-11-04	9-46	6	11	11	6	11	11	4.09
26	20-11-04	9-52	7	11	14	7	11	14	4.09
27	20-11-04	9-57	6	10	10	6	10	10	4.09
28	20-11-04	10-3	6	11	15	6	11	15	4.09
29	20-11-04	10-8	7	14	14	7	14	14	4.08
30	20-11-04	10-14	7	13	15	7	13	15	4.08
31	20-11-04	10-19	5	13	15	5	13	15	4.07
32	20-11-04	10-25	7	13	14	7	13	14	4.08
33	20-11-04	10-30	6	10	10	6	10	10	4.08
34	20-11-04	10-36	5	10	12	5	10	12	4.08
35	20-11-04	10-42	6	11	12	6	11	12	4.08
36	20-11-04	10-47	5	10	10	5	10	10	4.07
37	20-11-04	10-53	6	10	11	6	10	11	4.08
38	20-11-04	10-58	6	10	11	6	10	11	4.08
39	20-11-04	11-4	6	10	11	6	10	11	4.08
40	20-11-04	11-9	3	9	9	3	9	9	4.07
41	20-11-04	11-15	6	11	12	6	11	12	4.07
42	20-11-04	11-20	5	10	11	5	10	11	4.07
43	20-11-04	11-26	6	12	14	6	12	14	4.07
44	20-11-04	11-31	7	12	12	7	12	12	4.07
45	20-11-04	11-37	6	11	14	6	11	14	4.07
46	20-11-04	11-42	6	11	14	6	11	14	4.06
47	20-11-04	11-48	5	11	14	5	11	14	4.07
48	20-11-04	11-53	6	10	10	6	10	10	4.07
49	20-11-04	11-59	6	13	15	6	13	15	4.06
50	20-11-04	12-5	6	10	11	6	10	11	4.06
51	20-11-04	12-10	7	11	12	7	11	12	4.05
52	20-11-04	12-16	6	13	13	6	13	13	4.05
53	20-11-04	12-21	7	11	11	7	11	11	4.06
54	20-11-04	12-27	7	11	11	7	11	11	4.06
55	20-11-04	12-32	10	16	16	10	16	16	4.06
56	20-11-04	12-38	9	15	16	9	15	16	4.05
57	20-11-04	12-43	7	14	14	7	14	14	4.04
58	20-11-04	12-49	6	11	14	6	11	14	4.05
59	20-11-04	12-54	6	11	14	6	11	14	4.05
60	20-11-04	13-0	7	13	13	7	13	13	4.05
61	20-11-04	13-5	6	10	10	6	10	10	4.05
62	20-11-04	13-11	5	12	14	5	12	14	4.05
63	20-11-04	13-16	8	12	13	8	12	13	4.05
64	20-11-04	13-22	6	13	14	6	13	14	4.05
65	20-11-04	13-28	9	14	14	9	14	14	4.05
66	20-11-04	13-33	6	10	10	6	10	10	4.05
67	20-11-04	13-39	6	13	17	6	13	17	4.04
68	20-11-04	13-44	5	12	13	5	12	13	4.04
69	20-11-04	13-50	6	10	10	6	10	10	4.05
70	20-11-04	13-55	6	12	13	6	12	13	4.05
71	20-11-04	14-1	5	11	14	5	11	14	4.04
72	20-11-04	14-6	5	10	11	5	10	11	4.04
73	20-11-04	14-12	6	13	17	6	13	17	4.04
74	20-11-04	14-17	6	12	13	6	12	13	4.04
75	20-11-04	14-23	5	9	12	5	9	12	4.04
76	20-11-04	14-28	9	13	15	9	13	15	4.04
77	20-11-04	14-34	8	13	14	8	13	14	4.04
78	20-11-04	14-39	8	15	15	8	15	15	4.03
79	20-11-04	14-45	5	12	13	5	12	13	4.04
80	20-11-04	14-51	6	13	13	6	13	13	4.03
81	20-11-04	14-56	6	10	13	6	10	13	4.03
82	20-11-04	15-2	5	10	10	5	10	10	4.03
83	20-11-04	15-7	6	11	13	6	11	13	4.03
84	20-11-04	15-13	6	13	16	6	13	16	4.03
85	20-11-04	15-18	5	11	13	5	11	13	4.03
86	20-11-04	15-24	6	12	12	6	12	12	4.03
87	20-11-04	15-29	5	12	15	5	12	15	4.03
88	20-11-04	15-35	5	9	11	5	9	11	4.03
89	20-11-04	15-40	5	11	11	5	11	11	4.03
90	20-11-04	15-46	5	12	12	5	12	12	4.02
91	20-11-04	15-51	7	11	11	7	11	11	4.03
92	20-11-04	15-57	4	9	11	4	9	11	4.02
93	20-11-04	16-2	5	8	8	5	8	8	4.02
94	20-11-04	16-8	4	9	11	4	9	11	4.02
95	20-11-04	16-14	5	9	11	5	9	11	4.02
96	20-11-04	16-19	4	8	8	4	8	8	4.02
97	20-11-04	16-25	5	9	9	5	9	9	4.02
98	20-11-04	16-30	4	9	9	4	9	9	4.01
99	20-11-04	16-36	4	9	9	4	9	9	4.02
100	20-11-04	16-41	4	8	8	4	8	8	4.02
101	20-11-04	16-47	4	8	10	4	8	10	4.02
102	20-11-04	16-52	4	9	9	4	9	9	4.02
103	20-11-04	16-58	5	9	13	5	9	13	4.02
104	20-11-04	17-3	5	9	10	5	9	10	4.02
105	20-11-04	17-9	4	9	10	4	9	10	4.02
106	20-11-04	17-14	4	6	6	4	6	6	4.02
107	20-11-04	17-20	6	9	9	6	9	9	4.01
108	20-11-04	17-26	4	9	11	4	9	11	4.01
109	20-11-04	17-31	4	8	9	4	8	9	4.02
110	20-11-04	17-37	4	6	6	4	6	6	4.02
111	20-11-04	17-42	4	9	9	4	9	9	4.01
112	20-11-04	17-48	5	8	8	5	8	8	4.01
113	20-11-04	17-53	5	11	11	5	11	11	4.02
114	20-11-04	17-59	5	8	8	5	8	8	4.02
115	20-11-04	18-4	4	8	9	4	8	9	4.03
116	20-11-04	18-10	4	9	12	4	9	12	4.01
117	20-11-04	18-15	4	8	9	4	8	9	4.01
118	20-11-04	18-21	5	9	10	5	9	10	4.01
119	20-11-04	18-26	5	9	10	5	9	10	4.01
120	20-11-04	18-32	5	9	10	5	9	10	4.01
121	20-11-04	18-37	4	8	8	4	8	8	4.01
122	20-11-04	18-43	4	8	9	4	8	9	4.01
123	20-11-04	18-49	5	9	9	5	9	9	4.01
124	20-11-04	18-54	5	9	12	5	9	12	4.01
125	20-11-04	19-0	5	9	10	5	9	10	4
126	20-11-04	19-5	4	10	13	4	10	13	4.01
127	20-11-04	19-11	4	8	8	4	8	8	4
128	20-11-04	19-16	4	8	8	4	8	8	4
129	20-11-04	19-22	4	6	8	4	6	8	4.01
130	20-11-04	19-27	4	8	9	4	8	9	4.02
131	20-11-04	19-33	4	8	9	4	8	9	3.99
132	20-11-04	19-38	4	9	9	4	9	9	4.01
133	20-11-04	19-44	4	9	9	4	9	9	4
134	20-11-04	19-49	4	8	8	4	8	8	4
135	20-11-04	19-55	4	10	10	4	10	10	4.01
136	20-11-04	20-0	4	6	8	4	6	8	4
137	20-11-04	20-6	5	9	9	5	9	9	4.01
138	20-11-04	20-12	4	8	8	4	8	8	4
139	20-11-04	20-17	4	9	9	4	9	9	4
140	20-11-04	20-23	4	9	9	4	9	9	4
141	20-11-04	20-28	4	8	9	4	8	9	4
142	20-11-04	20-34	4	9	10	4	9	10	4
143	20-11-04	20-39	4	8	8	4	8	8	4
144	20-11-04	20-45	4	9	10	4	9	10	4
145	20-11-04	20-50	7	12	12	7	12	12	4
146	20-11-04	20-56	6	10	10	6	10	10	4
147	20-11-04	21-1	7	12	12	7	12	12	4
148	20-11-04	21-7	6	12	12	6	12	12	3.98
149	20-11-04	21-12	5	11	11	5	11	11	4
150	20-11-04	21-18	5	10	10	5	10	10	4
151	20-11-04	21-23	5	10	10	5	10	10	4
152	20-11-04	21-29	5	10	11	5	10	11	4
153	20-11-04	21-35	5	11	13	5	11	13	4
154	20-11-04	21-40	5	13	13	5	13	13	4
155	20-11-04	21-46	7	13	14	7	13	14	4
156	20-11-04	21-51	5	10	13	5	10	13	4
157	20-11-04	21-57	7	14	15	7	14	15	3.99
158	20-11-04	22-2	5	11	13	5	11	13	3.98
159	20-11-04	22-8	7	13	15	7	13	15	3.99
160	20-11-04	22-13	7	13	15	7	13	15	4.02
161	20-11-04	22-19	8	14	16	8	14	16	4
162	20-11-04	22-24	5	11	14	5	11	14	3.98
163	20-11-04	22-30	4	11	13	4	11	13	3.99
164	20-11-04	22-35	5	13	14	5	13	14	3.99
165	20-11-04	22-41	4	8	11	4	8	11	4
166	20-11-04	22-47	7	9	9	7	9	9	3.99
167	20-11-04	22-52	5	11	17	5	11	17	3.99
168	20-11-04	22-58	7	12	15	7	12	15	4
169	20-11-04	23-3	5	11	11	5	11	11	3.99
170	20-11-04	23-9	6	13	16	6	13	16	3.99
171	20-11-04	23-14	6	12	13	6	12	13	4
172	20-11-04	23-20	5	11	11	5	11	11	3.99
173	20-11-04	23-25	6	12	13	6	12	13	3.99
174	20-11-04	23-31	6	12	13	6	12	13	3.99
175	20-11-04	23-36	6	12	13	6	12	13	3.99
176	20-11-04	23-42	8	14	14	8	14	14	3.99
177	20-11-04	23-47	8	12	13	8	12	13	3.99
178	20-11-04	23-53	8	12	15	8	12	15	3.99
179	20-11-04	23-58	8	14	14	8	14	14	3.99
180	20-11-05	0-4	9	16	19	9	16	19	3.99
181	20-11-05	0-10	9	14	14	9	14	14	3.99
182	20-11-05	0-15	8	12	12	8	12	12	3.99
183	20-11-05	0-21	6	12	13	6	12	13	3.99
184	20-11-05	0-26	10	17	20	10	17	20	3.99
185	20-11-05	0-32	8	12	13	8	12	13	3.99
186	20-11-05	0-37	6	12	17	6	12	17	3.99
187	20-11-05	0-43	6	12	12	6	12	12	3.99
188	20-11-05	0-48	8	13	14	8	13	14	3.99
189	20-11-05	0-54	6	10	12	6	10	12	3.99
190	20-11-05	0-59	6	12	12	6	12	12	3.99
191	20-11-05	1-3	6	10	13	6	10	13	4.39
192	20-11-05	1-9	9	15	16	9	15	16	4.39
193	20-11-05	1-14	7	13	16	7	13	16	4.39
194	20-11-05	1-20	7	13	13	7	13	13	4.39
195	20-11-05	1-25	8	13	19	8	13	19	4.39
196	20-11-05	1-31	7	11	13	7	11	13	4.39
197	20-11-05	1-36	10	16	16	10	16	16	4.39
198	20-11-05	1-42	10	14	16	10	14	16	4.38
199	20-11-05	1-47	8	14	15	8	14	15	4.37
200	20-11-05	1-53	6	12	15	6	12	15	4.21
201	20-11-05	1-59	8	12	15	8	12	15	4.21
202	20-11-05	2-4	8	12	12	8	12	12	4.21
203	20-11-05	2-10	8	13	15	8	13	15	4.21
204	20-11-05	2-15	8	16	16	8	16	16	4.2
205	20-11-05	2-21	11	16	16	11	16	16	4.2
206	20-11-05	2-26	6	12	12	6	12	12	4.2
207	20-11-05	2-32	8	15	15	8	15	15	4.2
208	20-11-05	2-37	8	15	18	8	15	18	4.2
209	20-11-05	2-43	8	15	16	8	15	16	4.2
210	20-11-05	2-48	9	13	13	9	13	13	4.2
211	20-11-05	2-54	6	12	15	6	12	15	4.2
212	20-11-05	2-59	8	13	15	8	13	15	4.2
213	20-11-05	3-5	8	13	13	8	13	13	4.2
214	20-11-05	3-10	8	15	18	8	15	18	4.2
215	20-11-05	3-16	8	15	16	8	15	16	4.18
216	20-11-05	3-21	9	17	19	9	17	19	4.18
217	20-11-05	3-27	8	13	13	8	13	13	4.17
218	20-11-05	3-32	8	14	14	8	14	14	4.17
219	20-11-05	3-38	7	12	15	7	12	15	4.17
220	20-11-05	3-43	7	14	15	7	14	15	4.17
221	20-11-05	3-49	8	12	14	8	12	14	4.16
222	20-11-05	3-54	7	12	12	7	12	12	4.16
223	20-11-05	4-0	7	12	12	7	12	12	4.16
224	20-11-05	4-5	8	14	14	8	14	14	4.16
225	20-11-05	4-11	8	14	14	8	14	14	4.16
226	20-11-05	4-16	7	12	15	7	12	15	4.16
227	20-11-05	4-22	7	14	15	7	14	15	4.16
228	20-11-05	4-27	7	11	11	7	11	11	4.16
229	20-11-05	4-33	7	11	14	7	11	14	4.16
230	20-11-05	4-38	7	11	12	7	11	12	4.15
231	20-11-05	4-44	7	11	11	7	11	11	4.15
232	20-11-05	4-49	7	11	11	7	11	11	4.15
233	20-11-05	4-55	5	11	14	5	11	14	4.15
234	20-11-05	5-0	5	9	9	5	9	9	4.15
235	20-11-05	5-6	5	9	12	5	9	12	4.15
236	20-11-05	5-11	7	11	11	7	11	11	4.15
237	20-11-05	5-17	7	12	12	7	12	12	4.15
238	20-11-05	5-22	5	11	12	5	11	12	4.15
239	20-11-05	5-28	4	8	8	4	8	8	4.15
240	20-11-05	5-33	5	10	10	5	10	10	4.15
241	20-11-05	5-39	5	9	9	5	9	9	4.15
242	20-11-05	5-44	4	10	11	4	10	11	4.15
243	20-11-05	5-50	5	11	12	5	11	12	4.15
244	20-11-05	5-55	7	9	9	7	9	9	4.15
245	20-11-05	6-1	7	12	12	7	12	12	4.15
246	20-11-05	6-6	7	12	12	7	12	12	4.15
247	20-11-05	6-12	5	10	14	5	10	14	4.15
248	20-11-05	6-17	5	11	14	5	11	14	4.15
249	20-11-05	6-23	5	8	8	5	8	8	4.15
250	20-11-05	6-28	7	9	9	7	9	9	4.15
251	20-11-05	6-34	4	10	11	4	10	11	4.15
252	20-11-05	6-39	7	12	12	7	12	12	4.15
253	20-11-05	6-45	5	10	10	5	10	10	4.15
254	20-11-05	6-50	5	11	12	5	11	12	4.15
255	20-11-05	6-56	5	10	10	5	10	10	4.15
256	20-11-05	7-1	5	10	10	5	10	10	4.15
257	20-11-05	7-7	7	12	12	7	12	12	4.14
258	20-11-05	7-12	5	10	11	5	10	11	4.15
259	20-11-05	7-18	5	12	12	5	12	12	4.14
260	20-11-05	7-23	7	14	15	7	14	15	4.14
261	20-11-05	7-29	5	10	12	5	10	12	4.14
262	20-11-05	7-34	5	11	14	5	11	14	4.14
263	20-11-05	7-40	7	12	12	7	12	12	4.14
264	20-11-05	7-45	5	11	14	5	11	14	4.14
265	20-11-05	7-51	6	13	17	6	13	17	4.1
266	20-11-05	7-56	4	10	12	4	10	12	4.1
267	20-11-05	8-2	4	10	12	4	10	12	4.1
268	20-11-05	8-7	5	9	9	5	9	9	4.09
269	20-11-05	8-13	5	10	10	5	10	10	4.1
270	20-11-05	8-18	5	9	9	5	9	9	4.1
271	20-11-05	8-24	5	10	11	5	10	11	4.09
272	20-11-05	8-30	5	10	10	5	10	10	4.09
273	20-11-05	8-35	5	7	9	5	7	9	4.09
274	20-11-05	8-41	6	10	10	6	10	10	4.07
275	20-11-05	8-46	5	10	11	5	10	11	4.08
276	20-11-05	8-52	5	10	10	5	10	10	4.08
277	20-11-05	8-57	6	10	11	6	10	11	4.08
278	20-11-05	9-3	6	11	12	6	11	12	4.08
279	20-11-05	9-8	6	11	11	6	11	11	4.08
280	20-11-05	9-14	5	10	10	5	10	10	4.08
281	20-11-05	9-19	6	12	14	6	12	14	4.08
282	20-11-05	9-25	5	9	9	5	9	9	4.09
283	20-11-05	9-30	5	9	11	5	9	11	4.08
284	20-11-05	9-36	6	10	11	6	10	11	4.08
285	20-11-05	9-41	6	11	12	6	11	12	4.07
286	20-11-05	9-47	6	11	13	6	11	13	4.06
287	20-11-05	9-53	5	9	10	5	9	10	4.06
288	20-11-05	9-58	5	10	10	5	10	10	4.07
289	20-11-05	10-4	5	7	9	5	7	9	4.07
290	20-11-05	10-9	6	12	16	6	12	16	4.07
291	20-11-05	10-15	6	10	12	6	10	12	4.07
292	20-11-05	10-20	5	9	10	5	9	10	4.06
293	20-11-05	10-26	7	12	12	7	12	12	4.06
294	20-11-05	10-31	6	12	14	6	12	14	4.06
295	20-11-05	10-37	6	11	14	6	11	14	4.06
296	20-11-05	10-42	6	10	10	6	10	10	4.06
297	20-11-05	10-48	6	11	11	6	11	11	4.06
298	20-11-05	10-53	6	11	11	6	11	11	4.06
299	20-11-05	10-59	6	10	10	6	10	10	4.06
300	20-11-05	11-4	7	11	11	7	11	11	4.05
301	20-11-05	11-10	7	12	12	7	12	12	4.05
302	20-11-05	11-16	7	12	12	7	12	12	4.05
303	20-11-05	11-21	8	14	16	8	14	16	4.05
304	20-11-05	11-27	6	11	11	6	11	11	4.05
305	20-11-05	11-32	6	11	12	6	11	12	4.05
306	20-11-05	11-38	7	11	14	7	11	14	4.05
307	20-11-05	11-43	9	14	15	9	14	15	4.05
308	20-11-05	11-49	10	16	17	10	16	17	4.05
309	20-11-05	11-54	7	12	14	7	12	14	4.05
310	20-11-05	12-0	7	11	11	7	11	11	4.03
311	20-11-05	12-5	9	14	16	9	14	16	4.05
312	20-11-05	12-11	7	14	16	7	14	16	4.04
313	20-11-05	12-16	9	14	16	9	14	16	4.05
314	20-11-05	12-22	7	12	12	7	12	12	4.04
315	20-11-05	12-27	8	14	14	8	14	14	4.04
316	20-11-05	12-33	6	11	14	6	11	14	4.04
317	20-11-05	12-38	6	11	12	6	11	12	4.04
318	20-11-05	12-44	7	12	15	7	12	15	4.04
319	20-11-05	12-50	6	11	14	6	11	14	4.04
320	20-11-05	12-55	7	13	14	7	13	14	4.03
321	20-11-05	13-1	8	12	12	8	12	12	4.04
322	20-11-05	13-6	6	9	10	6	9	10	4.03
323	20-11-05	13-12	4	10	10	4	10	10	4.03
324	20-11-05	13-17	5	9	10	5	9	10	4.03
325	20-11-05	13-23	5	9	12	5	9	12	4.04
326	20-11-05	13-28	5	9	9	5	9	9	4.03
327	20-11-05	13-34	5	9	9	5	9	9	4.03
328	20-11-05	13-39	5	10	10	5	10	10	4.03
329	20-11-05	13-45	5	12	12	5	12	12	4.03
330	20-11-05	13-50	5	11	12	5	11	12	4.03
331	20-11-05	13-56	5	11	11	5	11	11	4.03
332	20-11-05	14-1	6	11	16	6	11	16	4.03
333	20-11-05	14-7	5	9	9	5	9	9	4.03
334	20-11-05	14-13	6	11	11	6	11	11	4.03
335	20-11-05	14-18	6	11	12	6	11	12	4.02
336	20-11-05	14-24	8	12	12	8	12	12	4.02
337	20-11-05	14-29	6	12	12	6	12	12	4.03
338	20-11-05	14-35	8	13	13	8	13	13	4.02
339	20-11-05	14-40	8	12	12	8	12	12	4.02
340	20-11-05	14-46	6	12	16	6	12	16	4.02
341	20-11-05	14-51	8	13	18	8	13	18	4.02
342	20-11-05	14-57	8	15	15	8	15	15	4.02
343	20-11-05	15-2	8	14	18	8	14	18	4.02
344	20-11-05	15-8	7	11	11	7	11	11	4.02
345	20-11-05	15-13	8	12	12	8	12	12	4.02
346	20-11-05	15-19	9	16	19	9	16	19	4.03
347	20-11-05	15-24	9	14	19	9	14	19	4.02
348	20-11-05	15-30	8	13	15	8	13	15	4.01
349	20-11-05	15-36	8	13	13	8	13	13	4.01
350	20-11-05	15-41	8	13	17	8	13	17	4.02
351	20-11-05	15-47	8	13	13	8	13	13	4.02
352	20-11-05	15-52	11	13	15	11	13	15	4.01
353	20-11-05	15-58	8	12	13	8	12	13	4.01
354	20-11-05	16-3	8	15	15	8	15	15	4.01
355	20-11-05	16-9	8	16	16	8	16	16	4.01
356	20-11-05	16-14	9	13	13	9	13	13	4.01
357	20-11-05	16-20	9	13	13	9	13	13	4.02
358	20-11-05	16-25	9	14	17	9	14	17	4.01
359	20-11-05	16-31	8	13	13	8	13	13	4.01
360	20-11-05	16-36	9	14	14	9	14	14	4.01
361	20-11-05	16-42	8	14	14	8	14	14	4.01
362	20-11-05	16-47	8	13	14	8	13	14	4.01
363	20-11-05	16-53	12	17	17	12	17	17	4.01
364	20-11-05	16-59	10	14	18	10	14	18	4.01
365	20-11-05	17-4	8	13	13	8	13	13	4.01
366	20-11-05	17-10	8	16	17	8	16	17	4.01
367	20-11-05	17-15	9	15	15	9	15	15	4.01
368	20-11-05	17-21	9	14	17	9	14	17	4.01
369	20-11-05	17-26	10	17	18	10	17	18	4.01
370	20-11-05	17-32	10	17	17	10	17	17	4.01
371	20-11-05	17-37	7	11	14	7	11	14	4.01
372	20-11-05	17-43	7	13	13	7	13	13	4.01
373	20-11-05	17-48	9	15	17	9	15	17	4.01
374	20-11-05	17-54	9	15	17	9	15	17	3.99
375	20-11-05	17-59	10	14	15	10	14	15	4
376	20-11-05	18-5	9	14	14	9	14	14	4
377	20-11-05	18-10	7	15	18	7	15	18	3.97
378	20-11-05	18-16	10	17	17	10	17	17	3.99
379	20-11-05	18-22	9	14	17	9	14	17	4
380	20-11-05	18-27	9	14	17	9	14	17	4
381	20-11-05	18-33	9	14	14	9	14	14	4
382	20-11-05	18-38	9	14	17	9	14	17	4
383	20-11-05	18-44	7	14	15	7	14	15	4
384	20-11-05	18-49	9	15	17	9	15	17	4
385	20-11-05	18-55	9	13	17	9	13	17	3.99
386	20-11-05	19-0	8	13	13	8	13	13	4
387	20-11-05	19-6	10	15	17	10	15	17	4
388	20-11-05	19-11	10	16	17	10	16	17	4
389	20-11-05	19-17	7	13	13	7	13	13	4
390	20-11-05	19-22	9	14	14	9	14	14	4
391	20-11-05	19-28	9	14	17	9	14	17	4
392	20-11-05	19-33	7	11	11	7	11	11	4
393	20-11-05	19-39	9	13	13	9	13	13	4.01
394	20-11-05	19-45	7	10	14	7	10	14	4
395	20-11-05	19-50	9	14	15	9	14	15	4
396	20-11-05	19-56	9	14	17	9	14	17	4
397	20-11-05	20-1	7	14	14	7	14	14	4
398	20-11-05	20-7	8	12	13	8	12	13	4
399	20-11-05	20-12	9	13	14	9	13	14	3.99
400	20-11-05	20-18	7	13	15	7	13	15	3.98
401	20-11-05	20-23	8	13	14	8	13	14	4
402	20-11-05	20-29	8	13	17	8	13	17	3.99
403	20-11-05	20-34	10	14	17	10	14	17	4
404	20-11-05	20-40	8	14	16	8	14	16	4
405	20-11-05	20-45	8	13	13	8	13	13	4
406	20-11-05	20-51	8	12	12	8	12	12	4
407	20-11-05	20-56	8	12	12	8	12	12	3.99
408	20-11-05	21-2	6	13	14	6	13	14	4
409	20-11-05	21-8	8	13	13	8	13	13	3.99
410	20-11-05	21-13	8	12	14	8	12	14	3.98
411	20-11-05	21-19	8	12	14	8	12	14	3.99
412	20-11-05	21-24	9	14	16	9	14	16	3.99
413	20-11-05	21-30	13	21	28	13	21	28	4
414	20-11-05	21-35	15	24	27	15	24	27	3.99
415	20-11-05	21-41	12	20	24	12	20	24	3.99
416	20-11-05	21-46	15	22	27	15	22	27	3.99
417	20-11-05	21-52	17	25	28	17	25	28	4
418	20-11-05	21-57	14	24	26	14	24	26	3.98
419	20-11-05	22-3	23	37	41	23	37	41	3.99
420	20-11-05	22-8	27	38	46	27	38	46	3.99
421	20-11-05	22-14	18	30	33	18	30	33	3.99
422	20-11-05	22-19	26	45	49	26	44	49	3.99
423	20-11-05	22-25	20	32	34	20	32	34	3.99
424	20-11-05	22-31	19	28	31	19	28	31	3.99
425	20-11-05	22-36	21	32	35	21	32	35	3.98
426	20-11-05	22-42	20	29	33	20	29	33	3.99
427	20-11-05	22-47	5	10	11	5	10	11	3.99
428	20-11-05	22-53	5	12	17	5	12	17	3.99
429	20-11-05	22-58	17	25	26	17	25	26	3.99
430	20-11-05	23-4	16	24	27	16	24	27	3.99
431	20-11-05	23-9	14	23	24	14	23	24	3.99
432	20-11-05	23-15	12	21	24	12	21	24	3.99
433	20-11-05	23-20	15	21	22	15	21	22	3.99
434	20-11-05	23-26	14	22	24	14	22	24	3.99
435	20-11-05	23-31	14	24	24	14	24	24	3.99
436	20-11-05	23-37	15	24	27	15	24	27	3.98
437	20-11-05	23-42	17	28	31	17	28	31	3.99
438	20-11-05	23-48	15	23	24	15	23	24	3.98
439	20-11-05	23-54	17	27	30	17	27	30	3.98
440	20-11-05	23-59	15	24	26	15	24	26	3.98
441	20-11-06	0-5	17	29	31	17	29	31	3.99
442	20-11-06	0-10	15	23	23	15	23	23	3.98
443	20-11-06	0-16	12	20	24	12	20	24	3.98
444	20-11-06	0-21	14	22	25	14	22	25	3.98
445	20-11-06	0-27	17	30	38	17	30	38	3.98
446	20-11-06	0-32	17	27	27	17	27	27	3.99
447	20-11-06	0-38	21	33	40	21	33	40	3.98
448	20-11-06	0-43	18	28	33	18	28	33	3.98
449	20-11-06	0-49	15	25	31	15	25	31	3.98
450	20-11-06	0-54	15	24	27	15	24	27	3.98
451	20-11-06	1-0	15	22	25	15	22	25	3.98
452	20-11-06	1-5	14	24	27	14	24	27	3.98
453	20-11-06	1-11	17	25	27	17	25	27	3.98
454	20-11-06	1-17	20	30	31	20	30	31	3.97
455	20-11-06	1-22	17	27	27	17	27	27	3.98
456	20-11-06	1-23	19	31	35	19	31	35	4.39
457	20-11-06	1-28	17	31	39	17	31	39	4.39
458	20-11-06	1-34	17	28	33	17	28	33	4.39
459	20-11-06	1-39	17	28	31	17	28	31	4.39
460	20-11-06	1-45	14	23	28	14	23	28	4.39
461	20-11-06	1-50	17	28	34	17	28	34	4.39
462	20-11-06	1-56	17	27	29	17	27	29	4.39
463	20-11-06	2-1	13	26	32	13	26	32	4.39
464	20-11-06	2-7	16	27	29	16	27	29	4.39
465	20-11-06	2-12	18	29	32	18	29	32	4.39
466	20-11-06	2-18	19	27	29	19	27	29	4.29
467	20-11-06	2-23	14	24	27	14	24	27	4.28
468	20-11-06	2-29	16	26	26	16	26	26	4.27
469	20-11-06	2-34	14	23	24	14	23	24	4.27
470	20-11-06	2-40	18	30	37	18	30	37	4.25
471	20-11-06	2-45	14	24	26	14	24	26	4.25
472	20-11-06	2-51	14	24	27	14	24	27	4.24
473	20-11-06	2-56	17	28	30	17	28	30	4.24
474	20-11-06	3-2	15	27	28	15	27	28	4.24
475	20-11-06	3-7	15	25	30	15	25	30	4.25
476	20-11-06	3-13	15	23	24	15	23	24	4.23
477	20-11-06	3-18	17	26	26	17	26	26	4.23
478	20-11-06	3-24	17	28	30	17	28	30	4.23
479	20-11-06	3-29	15	27	33	15	27	33	4.23
480	20-11-06	3-35	17	27	31	17	27	31	4.23
481	20-11-06	3-40	17	25	28	17	25	28	4.23
482	20-11-06	3-46	17	25	27	17	25	27	4.19
483	20-11-06	3-51	17	28	37	17	28	37	4.18
484	20-11-06	3-57	15	24	24	15	24	24	4.18
485	20-11-06	4-2	15	25	30	15	25	30	4.18
486	20-11-06	4-8	18	28	30	18	28	30	4.17
487	20-11-06	4-13	17	25	28	17	25	28	4.17
488	20-11-06	4-19	17	26	27	17	26	27	4.17
489	20-11-06	4-24	17	27	28	17	27	28	4.17
490	20-11-06	4-30	17	28	34	17	28	34	4.17
491	20-11-06	4-35	15	23	24	15	23	24	4.17
492	20-11-06	4-41	15	26	30	15	26	30	4.17
493	20-11-06	4-46	15	26	27	15	26	27	4.17
494	20-11-06	4-52	15	27	29	15	27	29	4.16
495	20-11-06	4-57	13	21	23	13	21	23	4.16
496	20-11-06	5-3	17	27	29	17	27	29	4.16
497	20-11-06	5-8	15	24	27	15	24	27	4.16
498	20-11-06	5-14	14	23	23	14	23	23	4.16
499	20-11-06	5-19	14	23	24	14	23	24	4.16
500	20-11-06	5-25	17	24	29	17	24	29	4.16
501	20-11-06	5-30	15	24	26	15	24	26	4.15
502	20-11-06	5-36	14	24	30	14	24	30	4.16
503	20-11-06	5-41	13	23	26	13	23	26	4.16
504	20-11-06	5-47	15	27	30	15	27	30	4.15
505	20-11-06	5-52	15	23	26	15	23	26	4.16
506	20-11-06	5-58	14	23	23	14	23	23	4.16
507	20-11-06	6-3	14	23	27	14	23	27	4.16
508	20-11-06	6-9	15	24	29	15	24	29	4.15
509	20-11-06	6-14	15	24	26	15	24	26	4.15
510	20-11-06	6-20	15	26	29	15	26	29	4.15
511	20-11-06	6-25	17	27	28	17	27	28	4.15
512	20-11-06	6-31	14	23	27	14	23	27	4.15
513	20-11-06	6-36	15	26	30	15	26	30	4.15
514	20-11-06	6-42	14	24	26	14	24	26	4.15
515	20-11-06	6-47	17	29	30	17	29	30	4.15
516	20-11-06	6-53	17	26	27	17	26	27	4.15
517	20-11-06	6-58	15	23	24	15	23	24	4.15
518	20-11-06	7-4	18	27	34	18	27	34	4.15
519	20-11-06	7-9	15	27	30	15	27	30	4.15
520	20-11-06	7-15	15	26	26	15	26	26	4.15
521	20-11-06	7-20	17	33	34	17	33	34	4.17
522	20-11-06	7-26	18	34	37	18	34	37	4.15
523	20-11-06	7-31	21	33	36	21	33	36	4.15
524	20-11-06	7-37	18	31	31	18	31	31	4.15
525	20-11-06	7-42	18	31	36	18	31	36	4.15
526	20-11-06	7-48	23	36	37	23	36	37	4.15
527	20-11-06	7-53	20	30	31	20	30	31	4.15
528	20-11-06	7-59	27	46	50	27	45	50	4.15
529	20-11-06	8-4	24	39	46	24	39	46	4.15
530	20-11-06	8-10	26	40	43	26	40	43	4.15
531	20-11-06	8-15	24	39	42	24	39	42	4.15
532	20-11-06	8-21	26	43	50	26	43	50	4.15
533	20-11-06	8-26	26	44	50	26	43	50	4.15
534	20-11-06	8-32	22	35	39	22	35	39	4.1
535	20-11-06	8-37	35	55	59	31	48	59	4.1
536	20-11-06	8-43	18	25	28	18	25	28	4.09
537	20-11-06	8-49	23	39	44	23	39	44	4.08
538	20-11-06	8-54	24	37	44	24	37	44	4.09
539	20-11-06	9-0	24	40	41	24	40	41	4.09
540	20-11-06	9-5	25	39	44	25	39	44	4.08
541	20-11-06	9-11	28	41	46	26	40	46	4.08
542	20-11-06	9-16	25	43	46	25	42	46	4.08
543	20-11-06	9-22	23	38	43	23	38	43	4.08
544	20-11-06	9-27	26	39	43	26	39	43	4.08
545	20-11-06	9-33	25	39	45	25	39	45	4.08
546	20-11-06	9-38	23	39	44	23	39	44	4.08
547	20-11-06	9-44	23	34	39	23	34	39	4.08
548	20-11-06	9-49	21	34	36	21	34	36	4.07
549	20-11-06	9-55	26	44	52	26	41	52	4.07
550	20-11-06	10-0	24	36	39	24	36	39	4.07
551	20-11-06	10-6	24	37	45	24	37	45	4.07
552	20-11-06	10-12	23	39	46	23	39	46	4.07
553	20-11-06	10-17	23	33	37	23	33	37	4.06
554	20-11-06	10-23	19	31	32	19	31	32	4.07
555	20-11-06	10-28	21	32	34	21	32	34	4.07
556	20-11-06	10-34	17	30	32	17	30	32	4.07
557	20-11-06	10-39	15	23	26	15	23	26	4.06
558	20-11-06	10-45	17	27	31	17	27	31	4.06
559	20-11-06	10-50	14	22	27	14	22	27	4.06
560	20-11-06	10-56	15	26	27	15	26	27	4.06
561	20-11-06	11-1	17	25	27	17	25	27	4.06
562	20-11-06	11-7	17	27	30	17	27	30	4.06
563	20-11-06	11-12	17	25	27	17	25	27	4.06
564	20-11-06	11-18	19	31	33	19	31	33	4.05
565	20-11-06	11-23	18	27	33	18	27	33	4.05
566	20-11-06	11-29	19	31	34	19	31	34	4.05
567	20-11-06	11-35	19	30	33	19	30	33	4.05
568	20-11-06	11-40	18	29	31	18	29	31	4.05
569	20-11-06	11-46	19	30	33	19	30	33	4.05
570	20-11-06	11-51	19	30	33	19	30	33	4.05
571	20-11-06	11-57	18	30	34	18	30	34	4.05
572	20-11-06	12-2	17	27	29	17	27	29	4.05
573	20-11-06	12-8	21	29	30	21	29	30	4.05
574	20-11-06	12-13	18	28	32	18	28	32	4.04
575	20-11-06	12-19	18	29	31	18	29	31	4.04
576	20-11-06	12-24	17	25	27	17	25	27	4.04
577	20-11-06	12-30	18	29	32	18	29	32	4.04
578	20-11-06	12-35	17	25	28	17	25	28	4.04
579	20-11-06	12-41	16	24	25	16	24	25	4.04
580	20-11-06	12-46	17	26	30	17	26	30	4.04
581	20-11-06	12-52	21	34	37	21	34	37	4.04
582	20-11-06	12-58	20	33	36	20	33	36	4.04
583	20-11-06	13-3	24	38	44	24	38	44	4.04
584	20-11-06	13-9	25	40	42	25	40	42	4.03
585	20-11-06	13-14	20	26	28	20	26	28	4.03
586	20-11-06	13-20	14	22	23	14	22	23	4.03
587	20-11-06	13-25	14	22	22	14	22	22	4.04
588	20-11-06	13-31	14	22	23	14	22	23	4.03
589	20-11-06	13-36	14	25	29	14	25	29	4.03
590	20-11-06	13-42	15	23	26	15	23	26	4.03
591	20-11-06	13-47	14	22	25	14	22	25	4.03
592	20-11-06	13-53	15	22	25	15	22	25	4.01
593	20-11-06	13-58	15	23	29	15	23	29	4.03
594	20-11-06	14-4	13	22	25	13	22	25	4.04
595	20-11-06	14-9	14	23	25	14	23	25	4.03
596	20-11-06	14-15	14	21	27	14	21	27	4.03
597	20-11-06	14-21	15	24	27	15	24	27	4.02
598	20-11-06	14-26	15	24	26	15	24	26	4.03
599	20-11-06	14-32	14	23	29	14	23	29	4.03
600	20-11-06	14-37	15	21	24	15	21	24	4.02
601	20-11-06	14-43	14	22	23	14	22	23	4.02
602	20-11-06	14-48	13	21	23	13	21	23	4.02
603	20-11-06	14-54	14	22	26	14	22	26	4.02
604	20-11-06	14-59	15	24	26	15	24	26	4.02
605	20-11-06	15-5	15	20	26	15	20	26	4
606	20-11-06	15-10	15	23	24	15	23	24	4.02
607	20-11-06	15-16	17	27	28	17	27	28	4.03
608	20-11-06	15-21	18	26	27	18	26	27	4.02
609	20-11-06	15-27	15	24	24	15	24	24	4.02
610	20-11-06	15-32	17	24	27	17	24	27	4.02
611	20-11-06	15-38	17	27	31	17	27	31	4.02
612	20-11-06	15-44	17	24	28	17	24	28	4.02
613	20-11-06	15-49	15	23	24	15	23	24	4.01
614	20-11-06	15-55	18	30	32	18	30	32	4.02
615	20-11-06	16-0	18	24	27	18	24	27	4.01
616	20-11-06	16-6	17	26	28	17	26	28	4.02
617	20-11-06	16-11	18	27	32	18	27	32	4.01
618	20-11-06	16-17	18	26	28	18	26	28	4.01
619	20-11-06	16-22	18	26	31	18	26	31	4.01
620	20-11-06	16-28	18	27	31	18	27	31	4.01
621	20-11-06	16-33	18	26	28	18	26	28	4.01
622	20-11-06	16-39	18	28	31	18	28	31	4.01
623	20-11-06	16-44	18	27	27	18	27	27	4.01
624	20-11-06	16-50	20	33	36	20	33	35	4.01
625	20-11-06	16-55	18	28	31	18	28	31	4.01
626	20-11-06	17-1	18	27	32	18	27	32	4.01
627	20-11-06	17-7	20	31	35	20	31	35	4.01
628	20-11-06	17-12	19	30	32	19	30	32	4.01
629	20-11-06	17-18	20	32	38	20	32	38	4.01
630	20-11-06	17-23	22	34	36	22	34	36	4.01
631	20-11-06	17-29	22	34	36	22	34	36	4.02
632	20-11-06	17-34	20	32	36	20	32	36	4.01
633	20-11-06	17-40	23	36	38	23	36	38	4.01
634	20-11-06	17-45	22	34	38	22	34	38	4.01
635	20-11-06	17-51	23	34	36	23	34	36	4.01
636	20-11-06	17-56	23	34	37	23	34	37	4.01
637	20-11-06	18-2	23	34	38	23	34	38	4
638	20-11-06	18-7	24	36	41	24	36	41	4
639	20-11-06	18-13	20	34	36	20	34	36	4
640	20-11-06	18-18	23	35	37	23	35	37	4
641	20-11-06	18-24	24	39	42	24	39	42	4
642	20-11-06	18-29	22	35	36	22	35	36	4
643	20-11-06	18-35	22	35	37	22	35	37	4
644	20-11-06	18-41	20	32	36	20	32	36	4.01
645	20-11-06	18-46	23	35	37	23	35	37	4.01
646	20-11-06	18-52	24	35	41	24	35	41	4
647	20-11-06	18-57	22	32	39	22	32	39	4
648	20-11-06	19-3	23	35	37	23	35	37	4
649	20-11-06	19-8	23	33	41	23	33	41	4
650	20-11-06	19-14	24	39	46	24	39	46	4
651	20-11-06	19-19	23	36	40	23	36	40	4
652	20-11-06	19-25	22	37	40	22	37	40	4
653	20-11-06	19-30	22	35	36	22	35	36	4
654	20-11-06	19-36	24	40	43	24	39	43	3.99
655	20-11-06	19-41	24	37	44	24	37	44	4
656	20-11-06	19-47	24	36	40	24	36	40	4
657	20-11-06	19-52	26	33	37	26	33	37	4
658	20-11-06	19-58	23	36	39	23	36	39	4
659	20-11-06	20-4	24	36	37	24	36	37	4
660	20-11-06	20-9	23	35	37	23	35	37	4
661	20-11-06	20-15	27	37	41	26	37	41	4
662	20-11-06	20-20	28	41	48	27	40	48	4
663	20-11-06	20-26	28	40	45	27	39	45	3.99
664	20-11-06	20-31	24	40	44	24	39	44	4
665	20-11-06	20-37	27	39	45	26	39	45	4
666	20-11-06	20-42	26	41	43	26	40	43	4
667	20-11-06	20-48	20	32	39	20	32	39	4
668	20-11-06	20-53	69	114	134	46	75	96	3.99
669	20-11-06	20-59	80	128	149	52	84	101	4
670	20-11-06	21-4	87	133	152	57	88	104	3.99
671	20-11-06	21-10	94	148	172	61	97	113	3.99
672	20-11-06	21-15	85	133	155	56	87	105	3.99
673	20-11-06	21-21	80	119	149	52	79	105	4
674	20-11-06	21-27	90	133	165	59	87	109	4
675	20-11-06	21-32	77	119	144	50	78	103	3.99
676	20-11-06	21-38	77	123	144	50	81	103	3.99
677	20-11-06	21-43	57	89	100	42	66	84	3.99
678	20-11-06	21-49	55	86	104	41	64	85	3.99
679	20-11-06	21-54	60	94	109	43	67	87	3.99
680	20-11-06	22-0	55	84	99	42	62	82	3.99
681	20-11-06	22-5	55	82	99	42	62	82	4.01
682	20-11-06	22-11	60	95	106	43	68	86	3.98
683	20-11-06	22-16	57	88	103	42	65	84	3.98
684	20-11-06	22-22	47	76	90	38	59	78	4
685	20-11-06	22-27	60	87	106	43	64	86	3.99
686	20-11-06	22-33	58	85	92	41	63	78	3.99
687	20-11-06	22-38	47	71	76	37	57	69	3.99
688	20-11-06	22-44	54	87	103	41	63	83	3.99
689	20-11-06	22-50	57	87	102	41	64	83	3.98
690	20-11-06	22-55	53	85	110	40	63	87	3.99
691	20-11-06	23-1	53	80	82	40	61	73	3.99
692	20-11-06	23-6	55	84	95	41	63	80	3.99
693	20-11-06	23-12	52	84	98	40	63	81	3.99
694	20-11-06	23-17	51	81	95	39	62	81	3.98
695	20-11-06	23-23	48	72	83	37	57	73	3.99
696	20-11-06	23-28	45	72	83	37	57	73	3.99
697	20-11-06	23-34	50	75	81	38	58	73	3.99
698	20-11-06	23-39	52	83	101	40	61	83	3.98
699	20-11-06	23-45	50	80	91	38	61	77	3.98
700	20-11-06	23-50	53	83	95	40	61	80	3.98
701	20-11-06	23-56	50	78	89	38	60	77	3.98
702	20-11-07	0-1	57	91	104	41	65	84	3.99
703	20-11-07	0-7	55	88	102	41	64	83	3.98
704	20-11-07	0-13	57	89	99	41	63	82	3.96
705	20-11-07	0-18	53	85	101	39	62	82	3.98
706	20-11-07	0-24	49	75	85	38	58	74	3.98
707	20-11-07	0-29	46	72	88	37	57	76	3.98
708	20-11-07	0-35	52	77	88	40	60	76	3.99
709	20-11-07	0-40	46	75	83	37	58	74	3.98
710	20-11-07	0-46	55	84	97	40	62	81	3.98
711	20-11-07	0-51	55	90	102	41	65	83	3.98
712	20-11-07	0-57	61	90	106	43	65	85	3.98
713	20-11-07	1-2	56	97	113	41	68	89	3.97
714	20-11-07	1-8	56	92	108	41	66	86	3.98
715	20-11-07	1-13	58	93	113	42	66	89	3.98
716	20-11-07	1-19	57	92	100	41	65	82	3.97
717	20-11-07	1-24	55	81	88	40	60	76	3.98
718	20-11-07	1-30	55	83	92	41	62	79	3.98
719	20-11-07	1-36	56	88	105	40	63	84	3.98
720	20-11-07	1-41	58	87	97	42	63	81	3.98
721	20-11-07	1-47	53	84	95	40	61	80	3.97
722	20-11-07	1-52	56	85	104	40	63	84	3.98
723	20-11-07	1-58	56	84	95	41	62	80	3.97
724	20-11-07	2-3	56	86	100	41	63	82	3.97
725	20-11-07	2-9	59	91	105	42	65	85	3.97
726	20-11-07	2-14	58	92	105	42	65	85	3.97
727	20-11-07	2-20	58	91	117	42	65	91	3.97
728	20-11-07	2-25	65	104	122	45	69	92	3.96
729	20-11-07	2-31	64	99	113	44	68	89	3.97
730	20-11-07	2-36	66	104	117	45	69	91	3.97
731	20-11-07	2-42	69	104	120	47	69	92	3.97
732	20-11-07	2-47	71	111	125	47	74	94	3.97
733	20-11-07	2-53	76	117	138	49	76	99	3.96
734	20-11-07	2-59	76	119	132	49	79	96	3.96
735	20-11-07	3-4	76	116	134	49	76	98	3.96
736	20-11-07	3-10	82	124	142	54	82	101	3.96
737	20-11-07	3-15	80	130	157	52	85	105	3.96
738	20-11-07	3-21	81	134	143	52	88	101	3.96
739	20-11-07	3-26	79	129	147	52	85	102	3.96
740	20-11-07	3-32	79	128	151	52	85	103	3.96
741	20-11-07	3-37	83	127	134	55	83	97	3.96
742	20-11-07	3-43	83	128	154	55	85	105	3.96
743	20-11-07	3-48	88	138	159	58	90	106	3.96
744	20-11-07	3-54	88	138	162	58	90	108	3.96
745	20-11-07	3-59	86	141	161	57	93	107	3.96
746	20-11-07	4-5	88	136	165	58	90	109	3.96
747	20-11-07	4-10	92	143	165	60	94	109	3.97
748	20-11-07	4-16	97	152	175	63	100	115	3.95
749	20-11-07	4-22	92	152	176	61	100	116	3.95
750	20-11-07	4-27	97	153	183	63	101	121	3.96
751	20-11-07	4-33	98	151	176	63	99	117	3.95
752	20-11-07	4-38	97	153	184	63	101	122	3.96
753	20-11-07	4-44	103	153	173	67	101	115	3.95
754	20-11-07	4-49	98	152	172	64	101	114	3.97
755	20-11-07	4-55	98	153	181	64	101	120	3.96
756	20-11-07	5-0	100	161	188	66	106	124	3.96
757	20-11-07	5-6	100	152	186	66	100	123	3.96
758	20-11-07	5-11	101	154	182	66	101	120	3.96
759	20-11-07	5-22	100	163	197	66	107	130	3.96
760	20-11-07	5-28	98	153	184	64	101	121	3.95
761	20-11-07	5-33	98	157	186	64	104	123	3.95
762	20-11-07	5-33	108	171	207	71	112	137	3.95
763	20-11-07	5-39	102	151	180	67	100	119	3.96
764	20-11-07	5-45	109	172	189	72	113	125	3.95
765	20-11-07	5-50	105	163	188	69	108	124	3.94
766	20-11-07	5-56	107	159	184	70	105	121	3.94
767	20-11-07	6-1	104	164	190	69	108	126	3.94
768	20-11-07	6-7	103	172	195	67	112	128	3.95
769	20-11-07	6-12	106	167	197	70	111	131	3.95
770	20-11-07	6-18	105	169	192	69	112	127	3.95
771	20-11-07	6-23	112	175	209	73	116	138	3.94
772	20-11-07	6-29	111	173	207	73	115	137	3.94
773	20-11-07	6-34	111	176	198	73	116	131	3.95
774	20-11-07	6-40	108	169	194	71	112	128	3.94
775	20-11-07	6-45	109	172	194	72	113	128	3.94
776	20-11-07	6-51	109	172	205	72	113	135	3.93
777	20-11-07	6-56	108	169	219	71	112	145	3.92
778	20-11-07	7-2	111	177	217	73	118	143	3.94
779	20-11-07	7-8	107	167	194	70	109	128	3.94
780	20-11-07	7-13	105	166	199	70	109	131	3.93
781	20-11-07	7-19	103	168	196	68	111	129	3.93
782	20-11-07	7-24	105	169	209	69	112	138	3.94
783	20-11-07	7-30	102	167	202	66	110	134	3.94
784	20-11-07	7-35	107	166	197	70	110	131	3.94
785	20-11-07	7-41	113	173	202	75	114	134	3.93
786	20-11-07	7-46	103	164	183	68	108	121	3.94
787	20-11-07	7-52	107	171	208	70	113	138	3.92
788	20-11-07	7-57	106	164	197	69	108	130	3.93
789	20-11-07	8-3	104	164	198	68	108	131	3.94
790	20-11-07	8-8	107	172	207	70	114	137	3.93
791	20-11-07	8-14	111	172	210	72	113	138	3.93
792	20-11-07	8-19	105	168	200	69	111	133	3.92
793	20-11-07	8-25	103	162	198	67	107	131	3.93
794	20-11-07	8-31	100	156	175	66	103	115	3.93
795	20-11-07	8-36	104	164	183	68	108	121	3.94
796	20-11-07	8-42	96	149	179	63	99	118	3.92
797	20-11-07	8-47	94	153	188	62	101	124	3.93
798	20-11-07	8-53	95	156	186	63	103	122	3.93
799	20-11-07	8-58	93	146	169	61	96	112	3.92
800	20-11-07	9-4	86	138	180	56	90	119	3.93
801	20-11-07	9-9	89	135	165	58	90	108	3.93
802	20-11-07	9-15	87	126	148	58	83	102	3.93
803	20-11-07	9-20	79	120	139	51	79	99	3.93
804	20-11-07	9-26	74	115	132	49	75	97	3.92
805	20-11-07	9-31	81	120	146	53	79	100	3.92
806	20-11-07	9-37	79	119	136	51	78	98	3.92
807	20-11-07	9-42	79	118	139	51	78	99	3.92
808	20-11-07	9-48	76	112	123	50	74	92	3.93
809	20-11-07	9-54	77	112	134	50	74	97	3.93
810	20-11-07	9-59	77	118	142	50	78	99	3.91
811	20-11-07	10-5	76	120	128	50	79	95	3.92
812	20-11-07	10-10	74	115	132	48	75	96	3.91
813	20-11-07	10-16	71	104	113	46	70	88	3.92
814	20-11-07	10-21	70	107	121	46	70	92	3.92
815	20-11-07	10-27	71	107	122	46	70	93	3.91
816	20-11-07	10-32	69	104	125	46	69	93	3.92
817	20-11-07	10-38	64	101	122	44	68	92	3.91
818	20-11-07	10-43	65	101	118	44	68	90	3.92
819	20-11-07	10-49	71	107	126	46	69	93	3.91
820	20-11-07	10-54	68	102	115	46	68	89	3.92
821	20-11-07	11-0	65	99	115	44	68	89	3.92
822	20-11-07	11-5	61	93	110	42	64	86	3.92
823	20-11-07	11-11	64	97	111	44	67	88	3.91
824	20-11-07	11-17	64	94	105	44	65	84	3.91
825	20-11-07	11-22	63	92	105	43	65	84	3.9
826	20-11-07	11-28	64	97	106	44	67	85	3.9
827	20-11-07	11-33	59	86	104	41	62	83	3.91
828	20-11-07	11-39	59	89	90	41	64	77	3.91
829	20-11-07	11-44	61	93	102	43	65	82	3.9
830	20-11-07	11-50	59	89	102	41	64	82	3.91
831	20-11-07	11-55	57	83	94	41	61	79	3.9
832	20-11-07	12-1	59	83	95	41	61	80	3.91
833	20-11-07	12-6	61	90	103	43	64	84	3.9
834	20-11-07	12-12	54	84	96	40	62	80	3.91
835	20-11-07	12-17	56	85	94	40	63	80	3.9
836	20-11-07	12-23	56	84	94	40	61	80	3.9
837	20-11-07	12-28	57	84	94	42	61	80	3.9
838	20-11-07	12-34	56	83	88	40	61	75	3.9
839	20-11-07	12-40	60	90	105	43	64	84	3.9
840	20-11-07	12-45	57	80	92	41	60	78	3.89
841	20-11-07	12-51	54	80	93	40	59	79	3.9
842	20-11-07	12-56	54	80	87	40	60	75	3.9
843	20-11-07	13-2	54	78	84	40	60	74	3.9
844	20-11-07	13-7	53	84	90	40	61	77	3.89
845	20-11-07	13-13	53	75	85	40	58	74	3.9
846	20-11-07	13-18	54	75	84	40	58	74	3.9
847	20-11-07	13-24	50	79	88	39	59	75	3.88
848	20-11-07	13-29	50	79	87	39	59	75	3.89
849	20-11-07	13-35	50	76	81	39	58	72	3.9
850	20-11-07	13-40	50	71	76	39	57	68	3.9
851	20-11-07	13-46	49	79	87	37	59	75	3.89
852	20-11-07	13-51	48	68	76	37	55	68	3.9
853	20-11-07	13-57	50	80	88	39	60	75	3.89
854	20-11-07	14-3	49	78	91	37	60	78	3.89
855	20-11-07	14-8	47	69	75	37	55	68	3.89
856	20-11-07	14-14	49	72	76	37	56	68	3.89
857	20-11-07	14-19	48	68	79	37	55	71	3.89
858	20-11-07	14-25	53	75	81	40	58	72	3.89
859	20-11-07	14-30	47	72	80	37	56	71	3.89
860	20-11-07	14-36	46	68	82	36	55	72	3.89
861	20-11-07	14-41	46	65	74	36	54	68	3.89
862	20-11-07	14-47	50	72	76	38	56	68	3.87
863	20-11-07	14-52	48	68	77	37	55	69	3.89
864	20-11-07	14-58	45	68	80	36	55	71	3.89
865	20-11-07	15-3	47	69	77	37	55	69	3.89
866	20-11-07	15-9	43	68	77	36	55	69	3.9
867	20-11-07	15-14	46	68	82	36	55	72	3.89
868	20-11-07	15-20	46	72	81	36	57	72	3.88
869	20-11-07	15-25	45	72	82	36	56	72	3.87
870	20-11-07	15-31	45	64	70	36	52	65	3.89
871	20-11-07	15-37	43	68	77	36	55	69	3.89
872	20-11-07	15-42	42	68	82	34	55	72	3.88
873	20-11-07	15-48	46	65	73	36	54	66	3.9
874	20-11-07	15-53	43	66	74	36	54	68	3.89
875	20-11-07	15-59	47	68	79	37	55	70	3.89
876	20-11-07	16-4	46	69	76	36	55	68	3.88
877	20-11-07	16-10	49	75	80	37	58	71	3.88
878	20-11-07	16-15	43	71	78	35	56	70	3.9
879	20-11-07	16-21	43	64	69	36	52	64	3.87
880	20-11-07	16-26	44	66	82	35	53	71	3.88
881	20-11-07	16-32	45	68	75	36	55	68	3.88
882	20-11-07	16-37	42	63	68	34	52	64	3.88
883	20-11-07	16-43	41	62	69	34	52	64	3.88
884	20-11-07	16-48	43	63	73	36	52	67	3.87
885	20-11-07	16-54	44	65	78	35	53	70	3.88
886	20-11-07	17-0	42	64	70	34	52	65	3.88
887	20-11-07	17-5	42	63	67	34	52	63	3.87
888	20-11-07	17-11	48	73	82	37	56	71	3.88
889	20-11-07	17-16	46	68	79	35	55	70	3.88
890	20-11-07	17-22	42	64	75	34	52	68	3.88
891	20-11-07	17-27	42	68	78	34	55	70	3.87
892	20-11-07	17-33	43	66	73	36	54	66	3.88
893	20-11-07	17-38	54	69	5865	1739	305	37	3.88
894	20-11-07	17-44	45	65	70	36	54	65	3.87
895	20-11-07	17-49	41	63	77	34	52	69	3.87
896	20-11-07	17-55	41	61	65	34	51	63	3.88
897	20-11-07	18-0	47	70	83	37	56	73	3.86
898	20-11-07	18-6	54	69	6123	1802	325	25	3.87
899	20-11-07	18-11	46	72	78	36	56	71	3.88
900	20-11-07	18-17	48	72	78	37	56	70	3.88
901	20-11-07	18-23	45	70	77	36	56	69	3.87
902	20-11-07	18-28	48	74	90	37	57	77	3.87
903	20-11-07	18-34	47	73	85	37	56	73	3.87
904	20-11-07	18-39	49	72	81	37	56	72	3.87
905	20-11-07	18-45	46	72	85	36	57	74	3.87
906	20-11-07	18-50	45	70	75	36	55	68	3.85
907	20-11-07	18-56	42	64	74	34	52	68	3.88
908	20-11-07	19-1	45	68	73	36	55	66	3.87
909	20-11-07	19-7	44	70	75	36	55	68	3.86
910	20-11-07	19-12	46	66	73	36	54	66	3.87
911	20-11-07	19-18	46	68	81	36	55	72	3.87
912	20-11-07	19-23	47	71	77	37	56	69	3.87
913	20-11-07	19-29	45	69	80	36	55	71	3.87
914	20-11-07	19-34	46	69	77	36	55	69	3.87
915	20-11-07	19-40	43	64	72	36	52	67	3.87
916	20-11-07	19-46	44	66	81	36	54	72	3.87
917	20-11-07	19-51	43	65	75	36	54	49	3.87
918	20-11-07	19-57	46	64	73	36	52	67	3.87
919	20-11-07	20-2	42	66	67	35	54	63	3.86
920	20-11-07	20-8	44	66	76	36	54	68	3.87
921	20-11-07	20-13	45	72	76	36	56	68	3.87
922	20-11-07	20-19	45	68	74	36	55	68	3.87
923	20-11-07	20-24	43	67	80	36	54	71	3.85
924	20-11-07	20-30	42	67	74	35	54	67	3.86
925	20-11-07	20-35	48	72	84	37	57	74	3.86
926	20-11-07	20-41	45	65	78	36	54	71	3.86
927	20-11-07	20-46	47	74	82	37	57	72	3.87
928	20-11-07	20-52	44	68	82	36	55	72	3.86
929	20-11-07	20-57	42	68	73	35	55	67	3.86
930	20-11-07	21-3	48	74	84	37	57	74	3.85
931	20-11-07	21-9	90	145	176	59	95	117	3.85
932	20-11-07	21-14	104	169	202	69	112	134	3.85
933	20-11-07	21-20	115	177	235	76	117	156	3.85
934	20-11-07	21-25	109	182	227	72	120	150	3.85
935	20-11-07	21-31	75	123	156	48	81	107	3.86
936	20-11-07	21-36	26	46	57	26	44	57	3.86
937	20-11-07	21-42	25	43	57	25	42	57	3.86
938	20-11-07	21-47	32	55	66	29	48	63	3.86
939	20-11-07	21-53	32	56	65	29	49	63	3.86
940	20-11-07	21-58	21	37	49	21	37	49	3.86
941	20-11-07	22-4	25	42	51	25	41	51	3.86
942	20-11-07	22-9	41	65	77	34	54	70	3.86
943	20-11-07	22-15	42	70	89	35	57	77	3.85
944	20-11-07	22-20	36	60	84	31	51	73	3.85
945	20-11-07	22-26	31	50	56	29	46	56	3.85
946	20-11-07	22-31	31	56	71	28	49	65	3.86
947	20-11-07	22-37	35	64	80	31	54	72	3.83
948	20-11-07	22-43	60	105	145	43	69	100	3.84
949	20-11-07	22-48	62	100	119	43	68	91	3.84
950	20-11-07	22-54	60	102	133	43	68	96	3.85
951	20-11-07	22-59	58	98	127	42	67	94	3.85
952	20-11-07	23-5	63	104	129	43	70	95	3.84
953	20-11-07	23-10	63	97	122	43	67	92	3.85
954	20-11-07	23-16	61	101	124	43	68	93	3.85
955	20-11-07	23-21	63	101	123	43	68	92	3.85
956	20-11-07	23-27	60	100	122	43	68	92	3.84
957	20-11-07	23-32	59	100	116	42	68	89	3.83
958	20-11-07	23-38	49	81	106	38	60	85	3.85
959	20-11-07	23-43	61	93	115	42	64	88	3.84
960	20-11-07	23-49	59	95	122	42	67	92	3.84
961	20-11-07	23-54	64	103	136	44	69	97	3.84
962	20-11-08	0-0	60	101	123	43	68	92	3.84
963	20-11-08	0-6	59	106	133	42	70	96	3.84
964	20-11-08	0-11	61	107	128	43	71	94	3.83
965	20-11-08	0-17	68	116	133	46	76	96	3.83
966	20-11-08	0-22	59	99	117	42	68	89	3.84
967	20-11-08	0-28	64	111	128	44	73	94	3.82
968	20-11-08	0-33	62	102	123	43	68	91	3.84
969	20-11-08	0-39	72	121	152	47	80	102	3.83
970	20-11-08	0-44	68	118	152	46	77	102	3.83
971	20-11-08	0-50	64	110	135	44	72	97	3.83
972	20-11-08	0-55	64	113	140	44	74	98	3.84
973	20-11-08	1-1	69	117	140	45	77	98	3.84
974	20-11-08	1-6	69	123	149	46	81	102	3.83
975	20-11-08	1-12	65	113	134	44	74	95	3.84
976	20-11-08	1-17	67	117	135	44	77	97	3.83
977	20-11-08	1-23	65	115	132	44	76	95	3.81
978	20-11-08	1-29	67	114	136	44	74	97	3.83
979	20-11-08	1-34	64	114	143	44	74	99	3.83
980	20-11-08	1-40	62	108	139	43	72	98	3.83
981	20-11-08	1-45	69	119	139	46	78	98	3.83
982	20-11-08	1-51	72	127	165	47	84	109	3.82
983	20-11-08	1-56	71	123	154	46	81	104	3.83
984	20-11-08	2-2	71	123	148	46	81	101	3.82
985	20-11-08	2-7	67	113	134	44	74	95	3.83
986	20-11-08	2-13	68	114	142	46	74	99	3.82
987	20-11-08	2-18	63	107	128	43	70	95	3.82
988	20-11-08	2-24	9003	2673	627	75	22	3	3.83
989	20-11-08	2-29	75	121	148	48	80	101	3.81
990	20-11-08	2-35	71	121	142	46	80	100	3.82
991	20-11-08	2-40	64	112	146	44	73	101	3.81
992	20-11-08	2-46	74	129	159	49	86	106	3.82
993	20-11-08	2-52	69	121	147	46	80	101	3.83
994	20-11-08	2-57	70	125	148	46	83	101	3.82
995	20-11-08	3-3	74	126	154	49	83	103	3.82
996	20-11-08	3-8	68	118	156	45	78	104	3.83
997	20-11-08	3-14	74	126	145	48	83	100	3.82
998	20-11-08	3-19	75	128	157	49	84	104	3.82
999	20-11-08	3-25	74	127	156	49	83	104	3.82
1000	20-11-08	3-30	76	121	145	50	80	100	3.82
1001	20-11-08	3-36	77	126	149	50	83	102	3.81
1002	20-11-08	3-41	77	132	152	50	87	103	3.82
1003	20-11-08	3-47	77	125	159	50	82	106	3.81
1004	20-11-08	3-52	78	137	170	51	90	113	3.81
1005	20-11-08	3-58	75	126	155	49	83	104	3.82
1006	20-11-08	4-3	77	127	162	50	83	107	3.81
1007	20-11-08	4-9	78	126	154	51	83	103	3.81
1008	20-11-08	4-15	79	131	162	51	86	107	3.81
1009	20-11-08	4-20	81	132	164	53	87	108	3.81
1010	20-11-08	4-26	73	127	154	47	83	103	3.79
1011	20-11-08	4-31	74	126	158	49	83	104	3.81
1012	20-11-08	4-37	77	138	166	50	91	110	3.81
1013	20-11-08	4-42	81	132	158	53	87	104	3.81
1014	20-11-08	4-48	77	133	165	50	88	109	3.8
1015	20-11-08	4-53	75	130	154	49	86	103	3.81
1016	20-11-08	4-59	85	143	175	55	94	115	3.81
1017	20-11-08	5-4	79	138	170	51	91	113	3.8
1018	20-11-08	5-10	85	137	172	56	90	113	3.79
1019	20-11-08	5-15	80	137	169	52	90	112	3.8
1020	20-11-08	5-21	79	143	187	51	94	123	3.81
1021	20-11-08	5-26	78	133	164	52	88	108	3.81
1022	20-11-08	5-32	83	143	177	54	94	117	3.81
1023	20-11-08	5-38	82	142	177	54	94	117	3.8
1024	20-11-08	5-43	86	143	170	57	94	113	3.8
1025	20-11-08	5-49	90	153	181	59	101	119	3.8
1026	20-11-08	5-54	90	151	187	59	99	123	3.8
1027	20-11-08	6-0	93	153	198	61	101	131	3.8
1028	20-11-08	6-5	97	152	196	64	100	129	3.79
1029	20-11-08	6-11	91	157	205	59	103	135	3.8
1030	20-11-08	6-16	93	164	189	61	108	125	3.79
1031	20-11-08	6-22	94	161	199	62	106	131	3.8
1032	20-11-08	6-27	104	178	225	69	118	150	3.8
1033	20-11-08	6-33	100	171	207	65	113	137	3.79
1034	20-11-08	6-38	108	183	229	70	121	151	3.8
1035	20-11-08	6-44	106	178	212	70	118	140	3.8
1036	20-11-08	6-49	100	178	212	66	118	140	3.8
1037	20-11-08	6-55	105	183	219	69	121	145	3.79
1038	20-11-08	7-1	106	180	220	70	118	145	3.78
1039	20-11-08	7-6	69	123	154	46	81	103	3.79
1040	20-11-08	7-12	61	111	136	43	73	98	3.79
1041	20-11-08	7-17	1	37632	1312	44	74	94	3.79
1042	20-11-08	7-23	70	127	154	46	83	103	3.78
1043	20-11-08	7-28	102	174	206	67	115	136	3.79
1044	20-11-08	7-34	104	185	227	68	123	151	3.78
1045	20-11-08	7-39	107	184	225	70	122	150	3.79
1046	20-11-08	7-45	97	167	195	64	111	129	3.79
1047	20-11-08	7-50	110	185	247	72	122	164	3.79
1048	20-11-08	7-56	99	176	210	64	116	139	3.79
1049	20-11-08	8-1	107	182	236	70	120	156	3.78
1050	20-11-08	8-7	86	149	188	57	99	124	3.78
1051	20-11-08	8-12	89	149	182	59	98	120	3.78
1052	20-11-08	8-18	51	81	89	40	62	78	3.78
1053	20-11-08	8-24	96	164	192	62	108	126	3.78
1054	20-11-08	8-29	97	167	204	63	111	134	3.77
1055	20-11-08	8-35	93	156	171	61	102	113	3.78
1056	20-11-08	8-40	93	153	187	61	101	124	3.77
1057	20-11-08	8-46	90	150	180	58	99	118	3.77
1058	20-11-08	8-51	95	150	180	62	99	119	3.78
1059	20-11-08	8-57	86	148	181	56	98	120	3.78
1060	20-11-08	9-2	85	143	169	55	95	112	3.77
1061	20-11-08	9-8	83	138	168	55	91	111	3.78
1062	20-11-08	9-13	87	138	171	57	91	114	3.78
1063	20-11-08	9-19	80	134	161	52	88	107	3.77
1064	20-11-08	9-24	77	129	155	51	85	104	3.78
1065	20-11-08	9-30	83	133	155	54	88	104	3.78
1066	20-11-08	9-35	74	125	144	49	82	101	3.77
1067	20-11-08	9-41	80	133	161	52	88	106	3.77
1068	20-11-08	9-47	78	128	146	52	84	101	3.75
1069	20-11-08	9-52	74	114	129	49	76	96	3.76
1070	20-11-08	9-58	67	114	131	45	75	95	3.77
1071	20-11-08	10-3	58	95	106	42	66	85	3.76
1072	20-11-08	10-9	57	91	102	41	65	83	3.77
1073	20-11-08	10-14	57	89	111	41	63	87	3.77
1074	20-11-08	10-20	52	80	89	39	60	76	3.76
1075	20-11-08	10-25	51	80	99	39	60	81	3.77
1076	20-11-08	10-31	44	71	80	36	56	72	3.78
1077	20-11-08	10-36	42	65	74	35	53	68	3.77
1078	20-11-08	10-42	43	69	94	35	56	80	3.76
1079	20-11-08	10-47	40	65	73	34	53	68	3.77
1080	20-11-08	10-53	39	60	64	34	51	61	3.76
1081	20-11-08	10-58	34	52	63	30	47	61	3.75
1082	20-11-08	11-4	35	53	59	31	47	59	3.76
1083	20-11-08	11-10	34	49	55	30	45	55	3.76
1084	20-11-08	11-15	28	45	54	27	43	54	3.76
1085	20-11-08	11-21	26	40	48	26	39	48	3.74
1086	20-11-08	11-26	24	40	47	24	39	47	3.76
1087	20-11-08	11-32	22	36	43	22	36	43	3.75
1088	20-11-08	11-37	23	37	41	23	37	41	3.76
1089	20-11-08	11-43	23	35	40	23	35	40	3.76
1090	20-11-08	11-48	20	31	36	20	31	36	3.76
1091	20-11-08	11-54	20	32	39	20	32	39	3.76
1092	20-11-08	11-59	20	30	34	20	30	34	3.76
1093	20-11-08	12-5	20	32	36	20	32	36	3.76
1094	20-11-08	12-10	19	30	31	19	30	31	3.76
1095	20-11-08	12-16	18	28	32	18	28	32	3.76
1096	20-11-08	12-21	13	23	26	13	23	26	3.75
1097	20-11-08	12-27	14	23	29	14	23	29	3.75
1098	20-11-08	12-32	13	23	27	13	23	27	3.75
1099	20-11-08	12-38	13	21	25	13	21	25	3.75
1100	20-11-08	12-44	14	22	27	14	22	27	3.75
1101	20-11-08	12-49	13	26	31	13	26	31	3.75
1102	20-11-08	12-55	11	21	29	11	21	29	3.75
1103	20-11-08	13-0	14	22	29	14	22	29	3.75
1104	20-11-08	13-6	10	19	27	10	19	27	3.75
1105	20-11-08	13-11	13	23	25	13	23	25	3.75
1106	20-11-08	13-17	14	25	27	14	25	27	3.75
1107	20-11-08	13-22	17	27	34	17	27	34	3.75
1108	20-11-08	13-28	14	26	29	14	26	29	3.74
1109	20-11-08	13-33	15	25	27	15	25	27	3.75
1110	20-11-08	13-39	14	22	27	14	22	27	3.74
1111	20-11-08	13-44	15	29	31	15	29	31	3.74
1112	20-11-08	13-50	15	27	28	15	27	28	3.74
1113	20-11-08	13-55	13	24	26	13	24	26	3.73
1114	20-11-08	14-1	17	30	32	17	30	32	3.74
1115	20-11-08	14-7	14	26	32	14	26	32	3.74
1116	20-11-08	14-12	14	24	27	14	24	27	3.74
1117	20-11-08	14-18	11	21	26	11	21	26	3.75
1118	20-11-08	14-23	10	19	22	10	19	22	3.74
1119	20-11-08	14-29	10	19	21	10	19	21	3.74
1120	20-11-08	14-34	10	19	23	10	19	23	3.74
1121	20-11-08	14-40	10	19	22	10	19	22	3.73
1122	20-11-08	14-45	10	19	22	10	19	22	3.74
1123	20-11-08	14-51	10	19	27	10	19	27	3.73
1124	20-11-08	14-56	9	15	18	9	15	18	3.73
1125	20-11-08	15-2	9	14	15	9	14	15	3.73
1126	20-11-08	15-7	9	16	18	9	16	18	3.73
1127	20-11-08	15-13	7	14	22	7	14	22	3.73
1128	20-11-08	15-18	7	14	20	7	14	20	3.74
1129	20-11-08	15-24	6	13	15	6	13	15	3.73
1130	20-11-08	15-30	7	13	15	7	13	15	3.73
1131	20-11-08	15-35	6	13	15	6	13	15	3.73
1132	20-11-08	15-41	5	13	22	5	13	22	3.72
1133	20-11-08	15-46	7	15	20	7	15	20	3.73
1134	20-11-08	15-52	6	13	15	6	13	15	3.73
1135	20-11-08	15-57	6	15	19	6	15	19	3.73
1136	20-11-08	16-3	5	11	11	5	11	11	3.73
1137	20-11-08	16-8	7	14	18	7	14	18	3.73
1138	20-11-08	16-14	6	13	18	6	13	18	3.73
1139	20-11-08	16-19	6	13	17	6	13	17	3.73
1140	20-11-08	16-25	6	11	17	6	11	17	3.73
1141	20-11-08	16-30	6	11	13	6	11	13	3.72
1142	20-11-08	16-36	7	15	17	7	15	17	3.73
1143	20-11-08	16-41	6	15	19	6	15	19	3.72
1144	20-11-08	16-47	5	11	15	5	11	15	3.72
1145	20-11-08	16-53	7	13	17	7	13	17	3.72
1146	20-11-08	16-58	6	13	14	6	13	14	3.7
1147	20-11-08	17-4	9	18	24	9	18	24	3.72
1148	20-11-08	17-9	6	15	23	6	15	23	3.72
1149	20-11-08	17-15	9	17	21	9	17	21	3.71
1150	20-11-08	17-20	6	14	25	6	14	25	3.72
1151	20-11-08	17-26	9	17	21	9	17	21	3.72
1152	20-11-08	17-31	7	15	17	7	15	17	3.72
1153	20-11-08	17-37	7	17	23	7	17	23	3.72
1154	20-11-08	17-42	6	15	25	6	15	25	3.72
1155	20-11-08	17-48	7	14	18	7	14	18	3.72
1156	20-11-08	17-53	9	17	22	9	17	22	3.72
1157	20-11-08	17-59	10	19	21	10	19	21	3.71
1158	20-11-08	18-4	9	19	30	9	19	30	3.71
1159	20-11-08	18-10	10	18	22	10	18	22	3.71
1160	20-11-08	18-16	9	15	15	9	15	15	3.71
1161	20-11-08	18-21	10	18	23	10	18	23	3.71
1162	20-11-08	18-27	10	19	21	10	19	21	3.7
1163	20-11-08	18-32	11	21	26	11	21	26	3.71
1164	20-11-08	18-38	9	18	23	9	18	23	3.71
1165	20-11-08	18-43	11	22	31	11	22	31	3.71
1166	20-11-08	18-49	10	21	23	10	21	23	3.71
1167	20-11-08	18-54	11	21	27	11	21	27	3.71
1168	20-11-08	19-0	10	18	19	10	18	19	3.71
1169	20-11-08	19-5	11	19	26	11	19	26	3.7
1170	20-11-08	19-11	10	22	25	10	22	25	3.69
1171	20-11-08	19-16	10	21	22	10	21	22	3.71
1172	20-11-08	19-22	10	18	26	10	18	26	3.71
1173	20-11-08	19-27	11	19	25	11	19	25	3.7
1174	20-11-08	19-33	10	17	21	10	17	21	3.71
1175	20-11-08	19-39	9	17	21	9	17	21	3.7
1176	20-11-08	19-44	10	19	26	10	19	26	3.7
1177	20-11-08	19-50	10	21	27	10	21	27	3.7
1178	20-11-08	19-55	7	15	22	7	15	22	3.7
1179	20-11-08	20-1	10	18	26	10	18	26	3.68
1180	20-11-08	20-6	9	17	22	9	17	22	3.7
1181	20-11-08	20-12	10	19	22	10	19	22	3.69
1182	20-11-08	20-17	10	19	23	10	19	23	3.7
1183	20-11-08	20-23	10	18	22	10	18	22	3.69
1184	20-11-08	20-28	10	18	22	10	18	22	3.7
1185	20-11-08	20-34	9	17	19	9	17	19	3.69
1186	20-11-08	20-39	10	17	18	10	17	18	3.69
1187	20-11-08	20-45	11	21	25	11	21	25	3.7
1188	20-11-08	20-50	7	17	21	7	17	21	3.69
1189	20-11-08	20-56	5	10	17	5	10	17	3.68
1190	20-11-08	21-2	9	17	21	9	17	21	3.69
1191	20-11-08	21-7	6	13	18	6	13	18	3.69
1192	20-11-08	21-13	6	15	19	6	15	19	3.69
1193	20-11-08	21-18	5	13	13	5	13	13	3.69
1194	20-11-08	21-24	6	13	14	6	13	14	3.69
1195	20-11-08	21-29	6	13	16	6	13	16	3.69
1196	20-11-08	21-35	6	13	20	6	13	20	3.68
1197	20-11-08	21-40	8	14	14	8	14	14	3.68
1198	20-11-08	21-46	7	15	18	7	15	18	3.68
1199	20-11-08	21-51	6	11	13	6	11	13	3.68
1200	20-11-08	21-57	9	14	17	9	14	17	3.69
1201	20-11-08	22-2	9	16	21	9	16	21	3.68
1202	20-11-08	22-8	7	14	18	7	14	18	3.68
1203	20-11-08	22-13	7	13	15	7	13	15	3.66
1204	20-11-08	22-19	9	14	19	9	14	19	3.68
1205	20-11-08	22-25	7	13	15	7	13	15	3.68
1206	20-11-08	22-30	7	14	15	7	14	15	3.68
1207	20-11-08	22-36	6	13	14	6	13	14	3.68
1208	20-11-08	22-41	7	14	18	7	14	18	3.68
1209	20-11-08	22-47	7	14	17	7	14	17	3.67
1210	20-11-08	22-52	6	13	18	6	13	18	3.67
1211	20-11-08	22-58	6	11	14	6	11	14	3.67
1212	20-11-08	23-3	6	14	16	6	14	16	3.68
1213	20-11-08	23-9	8	13	17	8	13	17	3.67
1214	20-11-08	23-14	6	13	14	6	13	14	3.67
1215	20-11-08	23-20	8	14	14	8	14	14	3.67
1216	20-11-08	23-25	8	13	16	8	13	16	3.67
1217	20-11-08	23-31	8	14	18	8	14	18	3.65
1218	20-11-08	23-36	6	11	13	6	11	13	3.68
1219	20-11-08	23-42	7	14	15	7	14	15	3.67
1220	20-11-08	23-48	7	13	18	7	13	18	3.66
1221	20-11-08	23-53	9	15	18	9	15	18	3.67
1222	20-11-08	23-59	6	14	17	6	14	17	3.66
1223	20-11-09	0-4	6	13	18	6	13	18	3.66
1224	20-11-09	0-10	8	16	18	8	16	18	3.65
1225	20-11-09	0-15	8	16	18	8	16	18	3.66
1226	20-11-09	0-21	9	17	18	9	17	18	3.66
1227	20-11-09	0-26	9	17	18	9	17	18	3.66
1228	20-11-09	0-32	8	13	17	8	13	17	3.66
1229	20-11-09	0-37	7	13	14	7	13	14	3.66
1230	20-11-09	0-43	6	13	16	6	13	16	3.66
1231	20-11-09	0-48	7	13	15	7	13	15	3.66
1232	20-11-09	0-54	8	14	16	8	14	16	3.66
1233	20-11-09	0-59	6	13	15	6	13	15	3.66
1234	20-11-09	1-5	6	13	19	6	13	19	3.66
1235	20-11-09	1-8	5	13	14	5	13	14	4.23
1236	20-11-09	1-13	4	10	15	4	10	15	4.32
1237	20-11-09	1-19	4	10	12	4	10	12	4.36
1238	20-11-09	1-24	5	11	14	5	11	14	4.39
1239	20-11-09	1-30	4	10	10	4	10	10	4.39
1240	20-11-09	1-35	5	10	10	5	10	10	4.39
1241	20-11-09	1-41	4	8	8	4	8	8	4.39
1242	20-11-09	1-46	5	10	13	5	10	13	4.39
1243	20-11-09	1-52	2	8	11	2	8	11	4.39
1244	20-11-09	1-57	5	10	13	5	10	13	4.39
1245	20-11-09	2-3	4	11	13	4	11	13	4.39
1246	20-11-09	2-8	4	8	8	4	8	8	4.39
1247	20-11-09	2-14	4	10	11	4	10	11	4.39
1248	20-11-09	2-19	4	8	8	4	8	8	4.39
1249	20-11-09	2-25	2	8	10	2	8	10	4.39
1250	20-11-09	2-30	4	8	10	4	8	10	4.39
1251	20-11-09	2-36	4	7	7	4	7	7	4.39
1252	20-11-09	2-41	4	8	14	4	8	14	4.39
1253	20-11-09	2-47	2	7	11	2	7	11	4.39
1254	20-11-09	2-52	2	7	11	2	7	11	4.39
1255	20-11-09	2-58	2	7	8	2	7	8	4.39
1256	20-11-09	3-3	2	7	11	2	7	11	4.39
1257	20-11-09	3-9	4	8	10	4	8	10	4.39
1258	20-11-09	3-14	4	8	11	4	8	11	4.39
1259	20-11-09	3-20	2	8	10	2	8	10	4.39
1260	20-11-09	3-25	4	8	10	4	8	10	4.39
1261	20-11-09	3-31	2	8	14	2	8	14	4.39
1262	20-11-09	3-36	2	5	5	2	5	5	4.39
1263	20-11-09	3-42	2	7	10	2	7	10	4.39
1264	20-11-09	3-47	1	5	7	1	5	7	4.39
1265	20-11-09	3-53	2	7	10	2	7	10	4.39
1266	20-11-09	3-58	4	10	10	4	10	10	4.39
1267	20-11-09	4-4	2	6	9	2	6	9	4.22
1268	20-11-09	4-9	2	8	9	2	8	9	4.22
1269	20-11-09	4-15	2	5	8	2	5	8	4.21
1270	20-11-09	4-20	4	6	8	4	6	8	4.21
1271	20-11-09	4-26	2	6	8	2	6	8	4.21
1272	20-11-09	4-31	2	6	6	2	6	6	4.21
1273	20-11-09	4-37	2	6	6	2	6	6	4.21
1274	20-11-09	4-42	2	6	11	2	6	11	4.21
1275	20-11-09	4-48	2	6	6	2	6	6	4.21
1276	20-11-09	4-54	1	5	5	1	5	5	4.21
1277	20-11-09	4-59	1	5	5	1	5	5	4.21
1278	20-11-09	5-5	2	6	8	2	6	8	4.2
1279	20-11-09	5-10	2	6	6	2	6	6	4.2
1280	20-11-09	5-16	2	6	6	2	6	6	4.2
1281	20-11-09	5-21	2	6	8	2	6	8	4.2
1282	20-11-09	5-27	2	6	6	2	6	6	4.2
1283	20-11-09	5-32	2	6	6	2	6	6	4.2
1284	20-11-09	5-38	2	6	6	2	6	6	4.2
1285	20-11-09	5-43	2	6	6	2	6	6	4.2
1286	20-11-09	5-49	2	5	5	2	5	5	4.2
1287	20-11-09	5-54	4	8	8	4	8	8	4.2
1288	20-11-09	6-0	2	8	11	2	8	11	4.21
1289	20-11-09	6-5	2	8	8	2	8	8	4.2
1290	20-11-09	6-11	2	5	5	2	5	5	4.21
1291	20-11-09	6-16	2	6	8	2	6	8	4.21
1292	20-11-09	6-22	2	6	8	2	6	8	4.2
1293	20-11-09	6-27	2	6	8	2	6	8	4.2
1294	20-11-09	6-33	2	8	8	2	8	8	4.21
1295	20-11-09	6-38	2	6	6	2	6	6	4.2
1296	20-11-09	6-44	1	5	5	1	5	5	4.2
1297	20-11-09	6-49	4	6	8	4	6	8	4.2
1298	20-11-09	6-55	2	6	6	2	6	6	4.21
1299	20-11-09	7-0	4	8	8	4	8	8	4.21
1300	20-11-09	7-6	2	6	8	2	6	8	4.21
1301	20-11-09	7-11	4	8	8	4	8	8	4.19
1302	20-11-09	7-17	4	8	11	4	8	11	4.18
1303	20-11-09	7-22	4	12	13	4	12	13	4.17
1304	20-11-09	7-28	5	9	11	5	9	11	4.17
1305	20-11-09	7-33	2	8	8	2	8	8	4.17
1306	20-11-09	7-39	4	9	13	4	9	13	4.16
1307	20-11-09	7-44	4	11	12	4	11	12	4.16
1308	20-11-09	7-50	5	9	12	5	9	12	4.16
1309	20-11-09	7-55	4	11	13	4	11	13	4.16
1310	20-11-09	8-1	4	8	10	4	8	10	4.11
1311	20-11-10	8-2	16	24	33	16	24	33	4.04
1312	20-11-10	8-8	17	26	28	17	26	28	4.04
1313	20-11-10	8-13	16	26	29	16	26	29	4.04
1314	20-11-10	8-19	19	27	28	19	27	28	4.04
1315	20-11-10	8-24	17	29	32	17	29	32	4.04
1316	20-11-10	8-30	17	25	28	17	25	28	4.04
1317	20-11-10	8-35	18	28	32	18	28	32	4.04
1318	20-11-10	8-41	18	30	34	18	30	34	4.04
1319	20-11-10	8-46	17	26	31	17	26	31	4.03
1320	20-11-10	8-52	17	29	37	17	29	37	4.04
1321	20-11-10	8-57	17	29	36	17	29	36	4.03
1322	20-11-10	9-3	17	26	31	17	26	31	4.03
1323	20-11-10	9-8	15	24	27	15	24	27	4.03
1324	20-11-10	9-14	14	24	28	14	24	28	4.02
1325	20-11-10	9-20	14	23	27	14	23	27	4.03
1326	20-11-10	9-25	15	27	31	15	27	31	4.03
1327	20-11-10	9-31	15	27	29	15	27	29	4.02
1328	20-11-10	9-36	16	25	27	16	25	27	4.01
1329	20-11-10	9-42	18	29	36	18	29	36	4.03
1330	20-11-10	9-47	15	25	29	15	25	29	4.03
1331	20-11-10	9-53	16	27	33	16	27	33	4.02
1332	20-11-10	9-58	12	20	27	12	20	27	4.02
1333	20-11-10	10-4	11	20	23	11	20	23	4.02
1334	20-11-10	10-9	14	21	24	14	21	24	4.02
1335	20-11-10	10-15	14	24	25	14	24	25	4.02
1336	20-11-10	10-20	13	24	27	13	24	27	4.02
1337	20-11-10	10-26	11	18	20	11	18	20	4.02
1338	20-11-10	10-31	11	17	18	11	17	18	4.02
1339	20-11-10	10-37	11	20	23	11	20	23	4.02
1340	20-11-10	10-43	11	20	22	11	20	22	4.02
1341	20-11-10	10-48	10	18	18	10	18	18	4.01
1342	20-11-10	10-54	12	18	21	12	18	21	4
1343	20-11-10	10-59	10	16	16	10	16	16	4.02
1344	20-11-10	11-5	13	21	23	13	21	23	4.02
1345	20-11-10	11-10	13	21	22	13	21	22	4.01
1346	20-11-10	11-16	15	23	26	15	23	26	4.01
1347	20-11-10	11-21	11	18	21	11	18	21	4.02
1348	20-11-10	11-27	11	17	18	11	17	18	4.02
1349	20-11-10	11-32	11	18	21	11	18	21	4.02
1350	20-11-10	11-38	15	24	28	15	24	28	3.99
1351	20-11-10	11-43	13	20	23	13	20	23	4.02
1352	20-11-10	11-49	10	17	18	10	17	18	4.01
1353	20-11-10	11-54	12	18	21	12	18	21	4.01
1354	20-11-10	12-0	11	18	23	11	18	23	4.01
1355	20-11-10	12-6	10	18	22	10	18	22	4
1356	20-11-10	12-11	10	17	18	10	17	18	4.01
1357	20-11-10	12-17	9	17	18	9	17	18	4.01
1358	20-11-10	12-22	9	14	17	9	14	17	4.01
1359	20-11-10	12-28	13	21	26	13	21	26	4.01
1360	20-11-10	12-33	10	17	21	10	17	21	4.02
1361	20-11-10	12-39	12	20	21	12	20	21	4.01
1362	20-11-10	12-44	13	18	18	13	18	18	4.01
1363	20-11-10	12-50	9	18	20	9	18	20	3.99
1364	20-11-10	12-55	10	16	17	10	16	17	3.99
1365	20-11-10	13-1	10	17	21	10	17	21	4.01
1366	20-11-10	13-6	12	20	21	12	20	21	4.01
1367	20-11-10	13-12	12	18	20	12	18	20	4
1368	20-11-10	13-17	12	19	25	12	19	25	4.01
1369	20-11-10	13-23	12	20	21	12	20	21	4.01
1370	20-11-10	13-29	9	14	17	9	14	17	4
1371	20-11-10	13-34	10	19	21	10	19	21	4
1372	20-11-10	13-40	8	14	17	8	14	17	4
1373	20-11-10	13-45	9	17	21	9	17	21	4
1374	20-11-10	13-51	9	14	14	9	14	14	3.99
1375	20-11-10	13-56	9	16	20	9	16	20	4
1376	20-11-10	14-2	10	16	23	10	16	23	4
1377	20-11-10	14-7	9	16	16	9	16	16	4
1378	20-11-10	14-13	8	12	12	8	12	12	4
1379	20-11-10	14-18	10	17	19	10	17	19	4
1380	20-11-10	14-24	10	17	19	10	17	19	4.01
1381	20-11-10	14-29	9	19	23	9	19	23	4
1382	20-11-10	14-35	10	17	20	10	17	20	4
1383	20-11-10	14-40	9	17	23	9	17	23	4
1384	20-11-10	14-46	9	16	17	9	16	17	4
1385	20-11-10	14-52	9	16	20	9	16	20	4
1386	20-11-10	14-57	9	16	19	9	16	19	4
1387	20-11-10	15-3	10	19	21	10	19	21	4
1388	20-11-10	15-8	8	16	16	8	16	16	4
1389	20-11-10	15-14	13	21	23	13	21	23	4
1390	20-11-10	15-19	10	17	21	10	17	21	4
1391	20-11-10	15-25	8	13	16	8	13	16	4
1392	20-11-10	15-30	9	16	20	9	16	20	3.99
1393	20-11-10	15-36	6	13	15	6	13	15	3.99
1394	20-11-10	15-41	8	16	17	8	16	17	4
1395	20-11-10	15-47	9	14	16	9	14	16	4
1396	20-11-10	15-52	10	17	22	10	17	22	4
1397	20-11-10	15-58	9	14	14	9	14	14	4
1398	20-11-10	16-3	7	15	17	7	15	17	4
1399	20-11-10	16-9	7	14	15	7	14	15	4
1400	20-11-10	16-14	9	15	18	9	15	18	3.99
1401	20-11-10	16-20	7	14	15	7	14	15	3.99
1402	20-11-10	16-26	7	13	15	7	13	15	4
1403	20-11-10	16-31	7	15	17	7	15	17	4
1404	20-11-10	16-37	7	13	13	7	13	13	3.99
1405	20-11-10	16-42	7	13	13	7	13	13	4
1406	20-11-10	16-48	9	14	17	9	14	17	4
1407	20-11-10	16-53	7	11	17	7	11	17	3.99
1408	20-11-10	16-59	6	13	14	6	13	14	3.99
1409	20-11-10	17-4	6	10	17	6	10	17	3.99
1410	20-11-10	17-10	7	13	13	7	13	13	3.99
1411	20-11-10	17-15	6	11	15	6	11	15	3.99
1412	20-11-10	17-21	6	12	14	6	12	14	3.99
1413	20-11-10	17-26	8	13	14	8	13	14	3.99
1414	20-11-10	17-32	6	16	16	6	16	16	3.98
1415	20-11-10	17-37	8	15	16	8	15	16	3.99
1416	20-11-10	17-43	5	10	12	5	10	12	3.99
1417	20-11-10	17-49	6	13	20	6	13	20	3.99
1418	20-11-10	17-54	9	16	20	9	16	20	3.99
1419	20-11-10	18-0	11	19	23	11	19	23	3.99
1420	20-11-10	18-5	8	14	14	8	14	14	3.99
1421	20-11-10	18-11	6	10	14	6	10	14	3.99
1422	20-11-10	18-16	6	13	14	6	13	14	3.99
1423	20-11-10	18-22	5	7	9	5	7	9	3.99
1424	20-11-10	18-27	6	11	18	6	11	18	3.99
1425	20-11-10	18-33	6	13	15	6	13	15	3.99
1426	20-11-10	18-38	5	10	13	5	10	13	3.98
1427	20-11-10	18-44	5	7	11	5	7	11	3.98
1428	20-11-10	18-49	5	9	10	5	9	10	3.99
1429	20-11-10	18-55	5	7	9	5	7	9	3.98
1430	20-11-10	19-0	5	7	10	5	7	10	3.98
1431	20-11-10	19-6	3	9	10	3	9	10	3.98
1432	20-11-10	19-12	3	7	9	3	7	9	3.98
1433	20-11-10	19-17	5	10	14	5	10	14	3.99
1434	20-11-10	19-23	3	7	9	3	7	9	3.98
1435	20-11-10	19-28	3	7	9	3	7	9	3.98
1436	20-11-10	19-34	5	10	11	5	10	11	3.99
1437	20-11-10	19-39	5	10	10	5	10	10	3.98
1438	20-11-10	19-45	5	9	9	5	9	9	3.98
1439	20-11-10	19-50	3	9	10	3	9	10	3.98
1440	20-11-10	19-56	5	10	11	5	10	11	3.98
1441	20-11-10	20-1	5	11	11	5	11	11	3.98
1442	20-11-10	20-7	5	10	10	5	10	10	3.97
1443	20-11-10	20-12	3	9	10	3	9	10	3.97
1444	20-11-10	20-18	5	9	11	5	9	11	3.98
1445	20-11-10	20-23	5	10	15	5	10	15	3.98
1446	20-11-10	20-29	6	11	14	6	11	14	3.98
1447	20-11-10	20-35	3	9	10	3	9	10	3.98
1448	20-11-10	20-40	3	9	10	3	9	10	3.98
1449	20-11-10	20-46	5	9	10	5	9	10	3.98
1450	20-11-10	20-51	5	8	8	5	8	8	3.98
1451	20-11-10	20-57	5	8	8	5	8	8	3.98
1452	20-11-10	21-2	5	8	8	5	8	8	3.99
1453	20-11-10	21-8	6	10	10	6	10	10	3.98
1454	20-11-10	21-13	5	8	8	5	8	8	3.97
1455	20-11-10	21-19	5	8	8	5	8	8	3.97
1456	20-11-10	21-24	6	10	12	6	10	12	3.97
1457	20-11-10	21-30	5	10	11	5	10	11	3.97
1458	20-11-10	21-35	3	8	11	3	8	11	3.97
1459	20-11-10	21-41	5	10	11	5	10	11	3.97
1460	20-11-10	21-46	7	15	16	7	15	16	3.97
1461	20-11-10	21-52	9	15	18	9	15	18	3.97
1462	20-11-10	21-57	6	11	14	6	11	14	3.96
1463	20-11-10	22-3	6	13	14	6	13	14	3.97
1464	20-11-10	22-9	8	14	18	8	14	18	3.96
1465	20-11-10	22-14	8	14	16	8	14	16	3.96
1466	20-11-10	22-20	8	12	14	8	12	14	3.97
1467	20-11-10	22-25	9	16	20	9	16	20	3.97
1468	20-11-10	22-31	6	13	17	6	13	17	3.97
1469	20-11-10	22-36	8	13	13	8	13	13	3.97
1470	20-11-10	22-42	8	14	14	8	14	14	3.96
1471	20-11-10	22-47	10	19	21	10	19	21	3.96
1472	20-11-10	22-53	9	16	19	9	16	19	3.97
1473	20-11-10	22-58	10	19	21	10	19	21	3.96
1474	20-11-10	23-4	6	12	15	6	12	15	3.96
1475	20-11-10	23-9	6	12	12	6	12	12	3.96
1476	20-11-10	23-15	8	15	16	8	15	16	3.96
1477	20-11-10	23-20	6	13	19	6	13	19	3.96
1478	20-11-10	23-26	9	16	16	9	16	16	3.96
1479	20-11-10	23-32	8	13	15	8	13	15	3.96
1480	20-11-10	23-37	6	12	15	6	12	15	3.96
1481	20-11-10	23-43	8	12	13	8	12	13	3.96
1482	20-11-10	23-48	5	12	12	5	12	12	3.96
1483	20-11-10	23-54	5	13	18	5	13	18	3.96
1484	20-11-10	23-59	5	11	12	5	11	12	3.96
1485	20-11-11	0-5	5	12	12	5	12	12	3.96
1486	20-11-11	0-10	6	12	13	6	12	13	3.96
1487	20-11-11	0-16	5	11	13	5	11	13	3.95
1488	20-11-11	0-21	5	11	12	5	11	12	3.96
1489	20-11-11	0-27	8	12	13	8	12	13	3.95
1490	20-11-11	0-32	6	11	12	6	11	12	3.95
1491	20-11-11	0-38	6	9	11	6	9	11	3.95
1492	20-11-11	0-43	6	12	13	6	12	13	3.95
1493	20-11-11	0-49	8	15	17	8	15	17	3.95
1494	20-11-11	0-55	4	9	11	4	9	11	3.95
1495	20-11-11	1-0	5	12	13	5	12	13	3.95
1496	20-11-11	1-6	6	12	12	6	12	12	3.95
1497	20-11-11	1-11	6	12	15	6	12	15	3.96
1498	20-11-11	1-17	6	13	13	6	13	13	3.95
1499	20-11-11	1-22	6	12	12	6	12	12	3.95
1500	20-11-11	1-28	8	13	16	8	13	16	3.95
1501	20-11-11	1-33	8	13	15	8	13	15	3.93
1502	20-11-11	1-39	8	13	16	8	13	16	3.94
1503	20-11-11	1-44	6	13	13	6	13	13	3.95
1504	20-11-11	1-50	5	12	15	5	12	15	3.94
1505	20-11-11	1-55	6	13	18	6	13	18	3.92
1506	20-11-11	2-1	8	13	15	8	13	15	3.94
1507	20-11-11	2-6	5	12	12	5	12	12	3.94
1508	20-11-11	2-12	5	9	9	5	9	9	3.94
1509	20-11-11	2-18	5	11	15	5	11	15	3.94
1510	20-11-11	2-23	6	12	13	6	12	13	3.94
1511	20-11-11	2-29	5	9	11	5	9	11	3.94
1512	20-11-11	2-34	5	13	15	5	13	15	3.94
1513	20-11-11	2-40	6	12	12	6	12	12	3.94
1514	20-11-11	2-45	6	11	13	6	11	13	3.94
1515	20-11-11	2-51	5	9	9	5	9	9	3.93
1516	20-11-11	2-56	6	13	15	6	13	15	3.94
1517	20-11-11	3-2	6	12	13	6	12	13	3.93
1518	20-11-11	3-7	5	9	12	5	9	12	3.93
1519	20-11-11	3-13	5	9	11	5	9	11	3.93
1520	20-11-11	3-18	6	12	15	6	12	15	3.94
1521	20-11-11	3-24	5	9	12	5	9	12	3.93
1522	20-11-11	3-29	5	12	12	5	12	12	3.93
1523	20-11-11	3-35	5	11	11	5	11	11	3.93
1524	20-11-11	3-41	5	11	12	5	11	12	3.93
1525	20-11-11	3-46	5	9	9	5	9	9	3.94
1526	20-11-11	3-52	6	12	13	6	12	13	3.93
1527	20-11-11	3-57	6	12	13	6	12	13	3.92
1528	20-11-11	4-3	6	12	13	6	12	13	3.91
1529	20-11-11	4-8	6	11	15	6	11	15	3.92
1530	20-11-11	4-14	6	11	12	6	11	12	3.93
1531	20-11-11	4-19	5	13	13	5	13	13	3.93
1532	20-11-11	4-25	4	11	11	4	11	11	3.93
1533	20-11-11	4-30	5	11	12	5	11	12	3.91
1534	20-11-11	4-36	5	12	12	5	12	12	3.92
1535	20-11-11	4-41	6	13	15	6	13	15	3.93
1536	20-11-11	4-47	6	13	13	6	13	13	3.93
1537	20-11-11	4-53	6	12	15	6	12	15	3.92
1538	20-11-11	4-58	8	15	16	8	15	16	3.93
1539	20-11-11	5-4	8	13	15	8	13	15	3.92
1540	20-11-11	5-9	6	12	13	6	12	13	3.92
1541	20-11-11	5-15	8	13	13	8	13	13	3.92
1542	20-11-11	5-20	8	13	15	8	13	15	3.9
1543	20-11-11	5-26	6	15	16	6	15	16	3.92
1544	20-11-11	5-31	8	12	13	8	12	13	3.92
1545	20-11-11	5-37	8	15	15	8	15	15	3.92
1546	20-11-11	5-42	8	13	19	8	13	19	3.93
1547	20-11-11	5-48	9	18	20	9	18	20	3.92
1548	20-11-11	5-53	11	16	18	11	16	18	3.92
1549	20-11-11	5-59	8	13	13	8	13	13	3.91
1550	20-11-11	6-4	8	12	13	8	12	13	3.91
1551	20-11-11	6-10	8	12	13	8	12	13	3.9
1552	20-11-11	6-16	8	15	18	8	15	18	3.91
1553	20-11-11	6-21	8	13	18	8	13	18	3.91
1554	20-11-11	6-27	8	15	19	8	15	19	3.9
1555	20-11-11	6-32	8	13	15	8	13	15	3.91
1556	20-11-11	6-38	8	13	13	8	13	13	3.91
1557	20-11-11	6-43	8	13	13	8	13	13	3.91
1558	20-11-11	6-49	9	16	18	9	16	18	3.92
1559	20-11-11	6-54	9	13	15	9	13	15	3.9
1560	20-11-11	7-0	11	16	16	11	16	16	3.91
1561	20-11-11	7-5	11	16	16	11	16	16	3.9
1562	20-11-11	7-11	9	15	16	9	15	16	3.9
1563	20-11-11	7-16	9	15	18	9	15	18	3.9
1564	20-11-11	7-22	11	16	18	11	16	18	3.91
1565	20-11-11	7-27	11	18	18	11	18	18	3.9
1566	20-11-11	7-33	11	18	19	11	18	19	3.9
1567	20-11-11	7-39	11	20	23	11	20	23	3.9
1568	20-11-11	7-44	9	15	18	9	15	18	3.9
1569	20-11-11	7-50	11	17	20	11	17	20	3.9
1570	20-11-11	7-55	15	27	33	15	27	33	3.9
1571	20-11-11	8-1	9	15	19	9	15	19	3.9
1572	20-11-11	8-6	11	22	26	11	22	26	3.9
1573	20-11-11	8-12	13	26	28	13	26	28	3.9
1574	20-11-11	8-17	17	24	26	17	24	26	3.89
1575	20-11-11	8-23	16	24	29	16	24	29	3.9
1576	20-11-11	8-28	17	28	30	17	28	30	3.9
1577	20-11-11	8-34	18	28	32	18	28	32	3.9
1578	20-11-11	8-39	19	29	30	19	29	30	3.89
1579	20-11-11	8-45	22	33	38	22	33	38	3.89
1580	20-11-11	8-50	22	34	39	22	34	39	3.9
1581	20-11-11	8-56	21	31	37	21	31	37	3.9
1582	20-11-11	9-2	26	35	40	26	35	40	3.9
1583	20-11-11	9-7	23	38	40	23	38	40	3.89
1584	20-11-11	9-13	23	35	38	23	35	38	3.89
1585	20-11-11	9-18	25	38	42	25	38	42	3.89
1586	20-11-11	9-24	26	41	47	26	39	47	3.89
1587	20-11-11	9-29	26	40	49	26	39	49	3.89
1588	20-11-11	9-35	27	40	44	25	38	44	3.89
1589	20-11-11	9-40	17	28	31	17	28	31	3.9
1590	20-11-11	9-46	19	29	29	19	29	29	3.89
1591	20-11-11	9-51	20	32	34	20	32	34	3.89
1592	20-11-11	9-57	22	33	38	22	33	38	3.89
1593	20-11-11	10-2	21	34	42	21	34	42	3.89
1594	20-11-11	10-8	17	26	30	17	26	30	3.89
1595	20-11-11	10-13	19	31	35	19	31	35	3.89
1596	20-11-11	10-19	23	35	38	23	35	38	3.89
1597	20-11-11	10-25	21	31	34	21	31	34	3.88
1598	20-11-11	10-30	19	31	34	19	31	34	3.9
1599	20-11-11	10-36	21	32	34	21	32	34	3.89
1600	20-11-11	10-41	21	30	35	21	30	35	3.88
1601	20-11-11	10-47	23	34	38	23	34	38	3.89
1602	20-11-11	10-52	26	38	39	26	38	39	3.88
1603	20-11-11	10-58	20	32	42	20	32	42	3.88
1604	20-11-11	11-3	24	36	42	24	36	42	3.88
1605	20-11-11	11-9	23	35	38	23	35	38	3.88
1606	20-11-11	11-14	23	36	39	23	36	39	3.88
1607	20-11-11	11-20	23	36	38	23	36	38	3.88
1608	20-11-11	11-25	24	34	38	24	34	38	3.88
1609	20-11-11	11-31	25	39	45	25	39	45	3.88
1610	20-11-11	11-36	23	34	39	23	34	39	3.88
1611	20-11-11	11-42	26	39	43	26	39	43	3.88
1612	20-11-11	11-48	26	37	46	26	37	46	3.88
1613	20-11-11	11-53	27	41	45	27	41	45	3.88
1614	20-11-11	11-59	24	38	45	24	38	45	3.88
1615	20-11-11	12-4	26	37	41	26	37	41	3.87
1616	20-11-11	12-10	22	37	41	22	37	41	3.88
1617	20-11-11	12-15	24	35	41	24	35	41	3.88
1618	20-11-11	12-21	24	37	41	24	37	41	3.87
1619	20-11-11	12-26	23	32	38	23	32	38	3.88
1620	20-11-11	12-32	21	32	34	21	32	34	3.87
1621	20-11-11	12-37	23	37	39	23	37	39	3.88
1622	20-11-11	12-43	20	31	35	20	31	35	3.87
1623	20-11-11	12-48	23	34	38	23	34	38	3.87
1624	20-11-11	12-54	23	34	36	23	34	36	3.87
1625	20-11-11	12-59	19	29	34	19	29	34	3.87
1626	20-11-11	13-5	21	31	36	21	31	36	3.87
1627	20-11-11	13-11	19	31	32	19	31	32	3.87
1628	20-11-11	13-16	20	29	32	20	29	32	3.87
1629	20-11-11	13-22	19	30	31	19	30	31	3.87
1630	20-11-11	13-27	17	27	29	17	27	29	3.87
1631	20-11-11	13-33	20	28	29	20	28	29	3.87
1632	20-11-11	13-38	17	27	29	17	27	29	3.87
1633	20-11-11	13-44	17	28	29	17	28	29	3.87
1634	20-11-11	13-49	19	28	29	19	28	29	3.87
1635	20-11-11	13-55	17	25	31	17	25	31	3.87
1636	20-11-11	14-0	16	24	29	16	24	29	3.87
1637	20-11-11	14-6	14	21	24	14	21	24	3.87
1638	20-11-11	14-11	13	20	21	13	20	21	3.87
1639	20-11-11	14-17	14	23	25	14	23	25	3.87
1640	20-11-11	14-22	16	24	24	16	24	24	3.87
1641	20-11-11	14-28	14	23	25	14	23	25	3.86
1642	20-11-11	14-34	14	24	27	14	24	27	3.86
1643	20-11-11	14-39	14	21	23	14	21	23	3.87
1644	20-11-11	14-45	14	23	25	14	23	25	3.87
1645	20-11-11	14-50	10	17	20	10	17	20	3.87
1646	20-11-11	14-56	14	23	23	14	23	23	3.86
1647	20-11-11	15-1	12	19	20	12	19	20	3.86
1648	20-11-11	15-7	13	24	28	13	24	28	3.86
1649	20-11-11	15-12	12	20	23	12	20	23	3.86
1650	20-11-11	15-18	10	17	20	10	17	20	3.86
1651	20-11-11	15-23	12	20	24	12	20	24	3.86
1652	20-11-11	15-29	9	19	21	9	19	21	3.86
1653	20-11-11	15-34	10	20	21	10	20	21	3.86
1654	20-11-11	15-40	13	20	23	13	20	23	3.86
1655	20-11-11	15-45	10	17	21	10	17	21	3.86
1656	20-11-11	15-51	9	16	17	9	16	17	3.86
1657	20-11-11	15-57	10	17	19	10	17	19	3.86
1658	20-11-11	16-2	10	17	17	10	17	17	3.86
1659	20-11-11	16-8	9	17	20	9	17	20	3.86
1660	20-11-11	16-13	10	15	20	10	15	20	3.86
1661	20-11-11	16-19	9	15	16	9	15	16	3.86
1662	20-11-11	16-24	10	19	23	10	19	23	3.86
1663	20-11-11	16-30	10	17	21	10	17	21	3.85
1664	20-11-11	16-35	9	16	16	9	16	16	3.85
1665	20-11-11	16-41	9	17	21	9	17	21	3.85
1666	20-11-11	16-46	8	14	19	8	14	19	3.86
1667	20-11-11	16-52	9	14	14	9	14	14	3.85
1668	20-11-11	16-57	9	14	16	9	14	16	3.85
1669	20-11-11	17-3	9	14	16	9	14	16	3.85
1670	20-11-11	17-8	9	16	19	9	16	19	3.85
1671	20-11-11	17-14	9	15	17	9	15	17	3.85
1672	20-11-11	17-19	9	17	17	9	17	17	3.85
1673	20-11-11	17-25	8	16	17	8	16	17	3.85
1674	20-11-11	17-31	9	16	17	9	16	17	3.85
1675	20-11-11	17-36	6	13	15	6	13	15	3.85
1676	20-11-11	17-42	8	13	13	8	13	13	3.85
1677	20-11-11	17-47	9	15	15	9	15	15	3.85
1678	20-11-11	17-53	9	16	17	9	16	17	3.83
1679	20-11-11	17-58	8	13	16	8	13	16	3.84
1680	20-11-11	18-4	9	13	16	9	13	16	3.84
1681	20-11-11	18-9	8	16	16	8	16	16	3.84
1682	20-11-11	18-15	9	15	16	9	15	16	3.84
1683	20-11-11	18-20	8	10	13	8	10	13	3.84
1684	20-11-11	18-26	9	16	17	9	16	17	3.84
1685	20-11-11	18-31	8	14	14	8	14	14	3.84
1686	20-11-11	18-37	6	12	14	6	12	14	3.84
1687	20-11-11	18-42	6	12	13	6	12	13	3.84
1688	20-11-11	18-48	8	13	16	8	13	16	3.84
1689	20-11-11	18-54	6	12	13	6	12	13	3.84
1690	20-11-11	18-59	6	13	14	6	13	14	3.83
1691	20-11-11	19-5	8	14	14	8	14	14	3.84
1692	20-11-11	19-10	8	14	14	8	14	14	3.84
1693	20-11-11	19-16	6	12	14	6	12	14	3.84
1694	20-11-11	19-21	9	14	14	9	14	14	3.84
1695	20-11-11	19-27	5	10	10	5	10	10	3.83
1696	20-11-11	19-32	8	12	17	8	12	17	3.84
1697	20-11-11	19-38	8	13	13	8	13	13	3.83
1698	20-11-11	19-43	6	12	14	6	12	14	3.83
1699	20-11-11	19-49	6	10	10	6	10	10	3.83
1700	20-11-11	19-54	6	12	13	6	12	13	3.83
1701	20-11-11	20-0	8	16	18	8	16	18	3.82
1702	20-11-11	20-5	8	16	16	8	16	16	3.83
1703	20-11-11	20-11	6	10	10	6	10	10	3.83
1704	20-11-11	20-17	6	10	10	6	10	10	3.83
1705	20-11-11	20-22	6	13	14	6	13	14	3.81
1706	20-11-11	20-28	6	12	12	6	12	12	3.82
1707	20-11-11	20-33	6	12	12	6	12	12	3.82
1708	20-11-11	20-39	8	14	14	8	14	14	3.83
1709	20-11-11	20-44	6	12	13	6	12	13	3.83
1710	20-11-11	20-50	5	12	18	5	12	18	3.83
1711	20-11-11	20-55	9	14	14	9	14	14	3.83
1712	20-11-11	21-1	9	13	14	9	13	14	3.83
1713	20-11-11	21-6	6	13	14	6	13	14	3.83
1714	20-11-11	21-12	7	11	13	7	11	13	3.83
1715	20-11-11	21-17	6	11	13	6	11	13	3.82
1716	20-11-11	21-23	7	11	13	7	11	13	3.82
1717	20-11-11	21-28	7	11	13	7	11	13	3.82
1718	20-11-11	21-34	7	11	13	7	11	13	3.82
1719	20-11-11	21-40	7	11	13	7	11	13	3.81
1720	20-11-11	21-45	6	10	11	6	10	11	3.82
1721	20-11-11	21-51	7	11	13	7	11	13	3.82
1722	20-11-11	21-56	6	10	11	6	10	11	3.82
1723	20-11-11	22-2	6	10	12	6	10	12	3.8
1724	20-11-11	22-7	8	12	12	8	12	12	3.81
1725	20-11-11	22-13	6	12	13	6	12	13	3.82
1726	20-11-11	22-18	6	12	14	6	12	14	3.82
1727	20-11-11	22-24	6	10	12	6	10	12	3.82
1728	20-11-11	22-29	6	12	13	6	12	13	3.81
1729	20-11-11	22-35	10	16	17	10	16	17	3.81
1730	20-11-11	22-40	9	15	16	9	15	16	3.81
1731	20-11-11	22-46	8	13	13	8	13	13	3.81
1732	20-11-11	22-51	8	15	15	8	15	15	3.81
1733	20-11-11	22-57	6	13	13	6	13	13	3.81
1734	20-11-11	23-3	8	13	16	8	13	16	3.81
1735	20-11-11	23-8	8	13	13	8	13	13	3.81
1736	20-11-11	23-14	6	10	12	6	10	12	3.81
1737	20-11-11	23-19	6	12	14	6	12	14	3.81
1738	20-11-11	23-25	6	10	10	6	10	10	3.81
1739	20-11-11	23-30	6	10	10	6	10	10	3.8
1740	20-11-11	23-36	8	13	13	8	13	13	3.81
1741	20-11-11	23-41	6	13	16	6	13	16	3.81
1742	20-11-11	23-47	9	14	17	9	14	17	3.81
1743	20-11-11	23-52	9	14	16	9	14	16	3.81
1744	20-11-11	23-58	10	16	17	10	16	17	3.81
1745	20-11-12	0-3	9	14	16	9	14	16	3.8
1746	20-11-12	0-9	9	14	16	9	14	16	3.8
1747	20-11-12	0-14	10	17	19	10	17	19	3.81
1748	20-11-12	0-20	9	14	16	9	14	16	3.81
1749	20-11-12	0-26	9	16	16	9	16	16	3.81
1750	20-11-12	0-31	12	19	20	12	19	20	3.8
1751	20-11-12	0-37	12	20	21	12	20	21	3.79
1752	20-11-12	0-42	10	17	19	10	17	19	3.8
1753	20-11-12	0-48	10	19	25	10	19	25	3.8
1754	20-11-12	0-53	14	25	28	14	25	28	3.79
1755	20-11-12	0-59	10	17	17	10	17	17	3.79
1756	20-11-12	1-4	10	19	23	10	19	23	3.79
1757	20-11-12	1-10	10	20	21	10	20	21	3.8
1758	20-11-12	1-15	10	19	19	10	19	19	3.79
1759	20-11-12	1-21	9	16	16	9	16	16	3.79
1760	20-11-12	1-26	10	19	21	10	19	21	3.79
1761	20-11-12	1-32	10	17	17	10	17	17	3.8
1762	20-11-12	1-37	8	15	16	8	15	16	3.78
1763	20-11-12	1-43	10	17	20	10	17	20	3.79
1764	20-11-12	1-49	12	20	23	12	20	23	3.79
1765	20-11-12	1-54	12	19	20	12	19	20	3.78
1766	20-11-12	2-0	13	23	26	13	23	26	3.79
1767	20-11-12	2-5	10	19	21	10	19	21	3.79
1768	20-11-12	2-11	12	19	20	12	19	20	3.79
1769	20-11-12	2-16	13	19	21	13	19	21	3.79
1770	20-11-12	2-22	13	20	22	13	20	22	3.78
1771	20-11-12	2-27	12	19	20	12	19	20	3.79
1772	20-11-12	2-33	13	22	27	13	22	27	3.79
1773	20-11-12	2-38	12	23	27	12	23	27	3.79
1774	20-11-12	2-44	13	22	23	13	22	23	3.78
1775	20-11-12	2-49	12	19	23	12	19	23	3.76
1776	20-11-12	2-55	13	19	20	13	19	20	3.78
1777	20-11-12	3-0	12	20	23	12	20	23	3.78
1778	20-11-12	3-6	12	18	19	12	18	19	3.78
1779	20-11-12	3-12	11	19	20	11	19	20	3.79
1780	20-11-12	3-17	13	20	22	13	20	22	3.78
1781	20-11-12	3-23	13	22	26	13	22	26	3.78
1782	20-11-12	3-28	12	20	29	12	20	29	3.78
1783	20-11-12	3-34	13	20	25	13	20	25	3.78
1784	20-11-12	3-39	13	24	27	13	24	27	3.78
1785	20-11-12	3-45	12	22	23	12	22	23	3.78
1786	20-11-12	3-50	13	22	25	13	22	25	3.78
1787	20-11-12	3-56	12	20	22	12	20	22	3.77
1788	20-11-12	4-1	12	18	22	12	18	22	3.77
1789	20-11-12	4-7	11	19	23	11	19	23	3.77
1790	20-11-12	4-12	11	18	19	11	18	19	3.77
1791	20-11-12	4-18	12	22	23	12	22	23	3.77
1792	20-11-12	4-23	12	19	21	12	19	21	3.77
1793	20-11-12	4-29	11	19	22	11	19	22	3.77
1794	20-11-12	4-35	11	19	19	11	19	19	3.75
1795	20-11-12	4-40	12	18	19	12	18	19	3.77
1796	20-11-12	4-46	12	21	25	12	21	25	3.77
1797	20-11-12	4-51	12	18	21	12	18	21	3.77
1798	20-11-12	4-57	11	18	21	11	18	21	3.77
1799	20-11-12	5-2	9	16	18	9	16	18	3.78
1800	20-11-12	5-8	12	19	19	12	19	19	3.76
1801	20-11-12	5-13	12	21	29	12	21	29	3.76
1802	20-11-12	5-19	12	19	22	12	19	22	3.76
1803	20-11-12	5-24	12	18	22	12	18	22	3.77
1804	20-11-12	5-30	14	21	21	14	21	21	3.76
1805	20-11-12	5-35	14	21	23	14	21	23	3.76
1806	20-11-12	5-41	11	18	19	11	18	19	3.76
1807	20-11-12	5-46	11	19	22	11	19	22	3.76
1808	20-11-12	5-52	9	16	19	9	16	19	3.75
1809	20-11-12	5-58	11	18	19	11	18	19	3.76
1810	20-11-12	6-3	11	22	23	11	22	23	3.76
1811	20-11-12	6-9	14	22	22	14	22	22	3.76
1812	20-11-12	6-14	11	18	18	11	18	18	3.76
1813	20-11-12	6-20	12	19	24	12	19	24	3.75
1814	20-11-12	6-25	9	18	21	9	18	21	3.75
1815	20-11-12	6-31	12	19	19	12	19	19	3.75
1816	20-11-12	6-36	11	19	22	11	19	22	3.75
1817	20-11-12	6-42	12	21	24	12	21	24	3.75
1818	20-11-12	6-47	12	22	22	12	22	22	3.75
1819	20-11-12	6-53	11	18	18	11	18	18	3.75
1820	20-11-12	6-58	12	17	17	12	17	17	3.75
1821	20-11-12	7-4	14	21	24	14	21	24	3.75
1822	20-11-12	7-9	12	21	25	12	21	25	3.75
1823	20-11-12	7-15	11	19	25	11	19	25	3.71
1824	20-11-12	7-21	12	21	22	12	21	22	3.75
1825	20-11-12	7-26	12	19	19	12	19	19	3.75
1826	20-11-12	7-32	14	24	25	14	24	25	3.74
1827	20-11-12	7-37	14	19	19	14	19	19	3.75
1828	20-11-12	7-43	17	24	25	17	24	25	3.75
1829	20-11-12	7-48	15	22	25	15	22	25	3.74
1830	20-11-12	7-54	15	21	22	15	21	22	3.74
1831	20-11-12	7-59	14	24	26	14	24	26	3.74
1832	20-11-12	8-5	14	21	24	14	21	24	3.74
1833	20-11-12	8-10	12	18	22	12	18	22	3.74
1834	20-11-12	8-16	14	22	31	14	22	31	3.74
1835	20-11-12	8-21	12	21	28	12	21	28	3.74
1836	20-11-12	8-27	14	22	24	14	22	24	3.74
1837	20-11-12	8-32	11	22	25	11	22	25	3.74
1838	20-11-12	8-38	12	18	22	12	18	22	3.74
1839	20-11-12	8-44	12	21	22	12	21	22	3.73
1840	20-11-12	8-49	11	19	22	11	19	22	3.74
1841	20-11-12	8-55	9	17	22	9	17	22	3.73
1842	20-11-12	9-0	9	17	18	9	17	18	3.73
1843	20-11-12	9-6	11	15	15	11	15	15	3.72
1844	20-11-12	9-11	9	16	18	9	16	18	3.73
1845	20-11-12	9-17	9	18	19	9	18	19	3.73
1846	20-11-12	9-22	9	16	18	9	16	18	3.73
1847	20-11-12	9-28	11	18	18	11	18	18	3.73
1848	20-11-12	9-33	8	15	20	8	15	20	3.73
1849	20-11-12	9-39	11	16	18	11	16	18	3.73
1850	20-11-12	9-44	11	16	20	11	16	20	3.73
1851	20-11-12	9-50	8	13	17	8	13	17	3.73
1852	20-11-12	9-56	8	13	15	8	13	15	3.73
1853	20-11-12	10-1	8	13	15	8	13	15	3.73
1854	20-11-12	10-7	9	15	15	9	15	15	3.72
1855	20-11-12	10-12	9	15	15	9	15	15	3.73
1856	20-11-12	10-18	8	13	16	8	13	16	3.73
1857	20-11-12	10-23	9	15	16	9	15	16	3.72
1858	20-11-12	10-29	8	16	19	8	16	19	3.72
1859	20-11-12	10-34	9	15	15	9	15	15	3.72
1860	20-11-12	10-40	8	15	16	8	15	16	3.72
1861	20-11-12	10-45	9	15	17	9	15	17	3.71
1862	20-11-12	10-51	8	13	15	8	13	15	3.72
1863	20-11-12	10-56	9	15	17	9	15	17	3.72
1864	20-11-12	11-2	8	13	15	8	13	15	3.72
1865	20-11-12	11-7	9	15	17	9	15	17	3.72
1866	20-11-12	11-13	8	12	12	8	12	12	3.72
1867	20-11-12	11-19	8	13	16	8	13	16	3.71
1868	20-11-12	11-24	9	15	16	9	15	16	3.72
1869	20-11-12	11-30	8	12	12	8	12	12	3.72
1870	20-11-12	11-35	8	13	15	8	13	15	3.72
1871	20-11-12	11-41	8	15	16	8	15	16	3.72
1872	20-11-12	11-46	8	12	12	8	12	12	3.72
1873	20-11-12	11-52	6	13	13	6	13	13	3.73
1874	20-11-12	11-57	8	13	18	8	13	18	3.71
1875	20-11-12	12-3	7	14	14	7	14	14	3.72
1876	20-11-12	12-8	8	16	18	8	16	18	3.71
1877	20-11-12	12-14	9	15	16	9	15	16	3.71
1878	20-11-12	12-19	9	15	15	9	15	15	3.71
1879	20-11-12	12-25	8	13	15	8	13	15	3.7
1880	20-11-12	12-30	9	16	19	9	16	19	3.73
1881	20-11-12	12-36	9	15	15	9	15	15	3.69
1882	20-11-12	12-42	9	15	18	9	15	18	3.72
1883	20-11-12	12-47	9	13	16	9	13	16	3.7
1884	20-11-12	12-53	9	15	16	9	15	16	3.71
1885	20-11-12	12-58	8	15	19	8	15	19	3.71
1886	20-11-12	13-4	9	13	18	9	13	18	3.7
1887	20-11-12	13-9	11	16	16	11	16	16	3.7
1888	20-11-12	13-15	13	20	20	13	20	20	3.7
1889	20-11-12	13-20	15	23	24	15	23	24	3.7
1890	20-11-12	13-26	13	19	22	13	19	22	3.69
1891	20-11-12	13-31	13	20	22	13	20	22	3.7
1892	20-11-12	13-37	12	21	23	12	21	23	3.69
1893	20-11-12	13-42	12	19	22	12	19	22	3.7
1894	20-11-12	13-48	11	19	23	11	19	23	3.7
1895	20-11-12	13-53	12	19	20	12	19	20	3.69
1896	20-11-12	13-59	12	19	22	12	19	22	3.71
1897	20-11-12	14-5	12	20	22	12	20	22	3.69
1898	20-11-12	14-10	13	20	20	13	20	20	3.68
1899	20-11-12	14-16	13	20	23	13	20	23	3.69
1900	20-11-12	14-21	15	22	23	15	22	23	3.69
1901	20-11-12	14-27	12	20	23	12	20	23	3.69
1902	20-11-12	14-32	11	16	16	11	16	16	3.7
1903	20-11-12	14-38	15	22	26	15	22	26	3.7
1904	20-11-12	14-43	12	19	22	12	19	22	3.68
1905	20-11-12	14-49	11	18	22	11	18	22	3.69
1906	20-11-12	14-54	15	23	23	15	23	23	3.69
1907	20-11-12	15-0	15	20	23	15	20	23	3.69
1908	20-11-12	15-5	13	22	23	13	22	23	3.69
1909	20-11-12	15-11	13	20	20	13	20	20	3.68
1910	20-11-12	15-16	12	20	22	12	20	22	3.68
1911	20-11-12	15-22	12	19	20	12	19	20	3.69
1912	20-11-12	15-28	13	20	22	13	20	22	3.69
1913	20-11-12	15-33	11	18	19	11	18	19	3.68
1914	20-11-12	15-39	13	22	23	13	22	23	3.68
1915	20-11-12	15-44	12	20	23	12	20	23	3.68
1916	20-11-12	15-50	15	22	27	15	22	27	3.68
1917	20-11-12	15-55	13	19	24	13	19	24	3.68
1918	20-11-12	16-1	11	18	19	11	18	19	3.68
1919	20-11-12	16-6	11	18	18	11	18	18	3.68
1920	20-11-12	16-12	11	16	16	11	16	16	3.68
1921	20-11-12	16-17	11	16	20	11	16	20	3.67
1922	20-11-12	16-23	11	18	18	11	18	18	3.68
1923	20-11-12	16-28	12	20	22	12	20	22	3.68
1924	20-11-12	16-34	9	16	16	9	16	16	3.68
1925	20-11-12	16-39	9	15	18	9	15	18	3.68
1926	20-11-12	16-45	9	15	16	9	15	16	3.68
1927	20-11-12	16-51	8	16	18	8	16	18	3.68
1928	20-11-12	16-56	9	15	16	9	15	16	3.67
1929	20-11-12	17-2	8	15	15	8	15	15	3.65
1930	20-11-12	17-7	8	15	16	8	15	16	3.67
1931	20-11-12	17-13	16	23	26	16	23	26	3.67
1932	20-11-12	17-18	13	23	24	13	23	24	3.67
1933	20-11-12	17-24	13	19	22	13	19	22	3.68
1934	20-11-12	17-29	15	26	27	15	26	27	3.68
1935	20-11-12	17-35	13	22	24	13	22	24	3.66
1936	20-11-12	17-40	12	20	26	12	20	26	3.67
1937	20-11-12	17-46	13	22	26	13	22	26	3.67
1938	20-11-12	17-51	13	23	25	13	23	25	3.66
1939	20-11-12	17-57	15	24	27	15	24	27	3.67
1940	20-11-12	18-2	13	24	26	13	24	26	3.66
1941	20-11-12	18-8	15	25	26	15	25	26	3.67
1942	20-11-12	18-14	15	23	25	15	23	25	3.66
1943	20-11-12	18-19	15	26	30	15	26	30	3.66
1944	20-11-12	18-25	15	23	27	15	23	27	3.66
1945	20-11-12	18-30	15	29	30	15	29	30	3.66
1946	20-11-12	18-36	16	27	29	16	27	29	3.66
1947	20-11-12	18-41	16	26	27	16	26	27	3.66
1948	20-11-12	18-47	16	25	27	16	25	27	3.65
1949	20-11-12	18-52	16	25	27	16	25	27	3.67
1950	20-11-12	18-58	16	22	23	16	22	23	3.65
1951	20-11-12	19-3	18	29	30	18	29	30	3.65
1952	20-11-12	19-9	19	30	32	19	30	32	3.67
1953	20-11-12	19-14	15	26	26	15	26	26	3.65
1954	20-11-12	19-20	20	29	32	20	29	32	3.65
1955	20-11-12	19-25	18	27	29	18	27	29	3.65
1956	20-11-12	19-31	15	25	29	15	25	29	3.65
1957	20-11-12	19-37	16	26	27	16	26	27	3.65
1958	20-11-12	19-42	18	32	33	18	32	33	3.64
1959	20-11-12	19-48	18	29	33	18	29	33	3.65
1960	20-11-12	19-53	18	27	32	18	27	32	3.65
1961	20-11-12	19-59	18	25	29	18	25	29	3.65
1962	20-11-12	20-4	18	27	30	18	27	30	3.65
1963	20-11-12	20-10	18	27	30	18	27	30	3.65
1964	20-11-12	20-15	12	19	21	12	19	21	3.63
1965	20-11-12	20-21	13	23	27	13	23	27	3.65
1966	20-11-12	20-26	13	20	23	13	20	23	3.65
1967	20-11-12	20-32	16	26	29	16	26	29	3.65
1968	20-11-12	20-37	16	24	26	16	24	26	3.65
1969	20-11-12	20-43	16	26	29	16	26	29	3.65
1970	20-11-12	20-48	13	23	27	13	23	27	3.64
1971	20-11-12	20-54	16	24	29	16	24	29	3.64
1972	20-11-12	21-0	15	23	23	15	23	23	3.64
1973	20-11-12	21-5	15	26	29	15	26	29	3.64
1974	20-11-12	21-11	15	24	29	15	24	29	3.64
1975	20-11-12	21-16	11	18	18	11	18	18	3.64
1976	20-11-12	21-22	11	19	22	11	19	22	3.64
1977	20-11-12	21-27	11	22	23	11	22	23	3.64
1978	20-11-12	21-33	13	23	24	13	23	24	3.64
1979	20-11-12	21-38	15	23	23	15	23	23	3.64
1980	20-11-12	21-44	12	19	19	12	19	19	3.64
1981	20-11-12	21-49	15	23	26	15	23	26	3.64
1982	20-11-12	21-55	16	27	29	16	27	29	3.63
1983	20-11-12	22-0	15	23	26	15	23	26	3.64
1984	20-11-12	22-6	15	23	29	15	23	29	3.63
1985	20-11-12	22-11	15	23	24	15	23	24	3.63
1986	20-11-12	22-17	13	24	27	13	24	27	3.63
1987	20-11-12	22-23	16	24	26	16	24	26	3.63
1988	20-11-12	22-28	16	24	26	16	24	26	3.63
1989	20-11-12	22-34	13	23	24	13	23	24	3.61
1990	20-11-12	22-39	16	29	35	16	29	35	3.63
1991	20-11-12	22-45	15	23	26	15	23	26	3.63
1992	20-11-12	22-50	15	23	24	15	23	24	3.64
1993	20-11-12	22-56	13	23	27	13	23	27	3.63
1994	20-11-12	23-1	15	23	28	15	23	28	3.63
1995	20-11-12	23-7	16	27	33	16	27	33	3.63
1996	20-11-12	23-12	17	27	28	17	27	28	3.63
1997	20-11-12	23-18	16	27	27	16	27	27	3.63
1998	20-11-12	23-23	16	27	29	16	27	29	3.63
1999	20-11-12	23-29	15	26	31	15	26	31	3.62
2000	20-11-12	23-34	17	28	32	17	28	32	3.63
2001	20-11-12	23-40	16	26	28	16	26	28	3.62
2002	20-11-12	23-46	15	23	24	15	23	24	3.62
2003	20-11-12	23-51	17	26	27	17	26	27	3.63
2004	20-11-12	23-57	16	25	31	16	25	31	3.62
2005	20-11-13	0-2	16	28	34	16	28	34	3.62
2006	20-11-13	0-8	16	24	25	16	24	25	3.62
2007	20-11-13	0-13	16	25	31	16	25	31	3.62
2008	20-11-13	0-19	16	29	32	16	29	32	3.62
2009	20-11-13	0-24	24	40	43	24	40	43	3.62
2010	20-11-13	0-30	20	31	32	20	31	32	3.62
2011	20-11-13	0-35	17	29	33	17	29	33	3.62
2012	20-11-13	0-41	18	31	32	18	31	32	3.62
2013	20-11-13	0-46	18	30	33	18	30	33	3.62
2014	20-11-13	0-52	20	30	36	20	30	36	3.62
2015	20-11-13	0-57	20	33	37	20	33	37	3.62
2016	20-11-13	1-3	20	32	34	20	32	34	3.62
2017	20-11-13	1-9	21	35	36	21	35	36	3.62
2018	20-11-13	1-14	20	30	37	20	30	37	3.62
2019	20-11-13	1-20	21	33	38	21	33	38	3.61
2020	20-11-13	1-25	17	28	30	17	28	30	3.6
2021	20-11-13	1-31	21	32	36	21	32	36	3.61
2022	20-11-13	1-36	18	29	30	18	29	30	3.61
2023	20-11-13	1-42	17	29	30	17	29	30	3.61
2024	20-11-13	1-47	21	33	34	21	33	34	3.61
2025	20-11-13	1-53	20	30	32	20	30	32	3.61
2026	20-11-13	1-58	18	28	32	18	28	32	3.61
2027	20-11-13	2-4	24	37	40	24	37	40	3.61
2028	20-11-13	2-9	24	36	38	24	36	38	3.61
2029	20-11-13	2-15	20	32	32	20	32	32	3.61
2030	20-11-13	2-20	24	36	38	24	36	38	3.61
2031	20-11-13	2-26	18	30	33	18	30	33	3.61
2032	20-11-13	2-32	22	32	36	22	32	36	3.61
2033	20-11-13	2-37	20	30	35	20	30	35	3.61
2034	20-11-13	2-43	18	31	35	18	31	35	3.61
2035	20-11-13	2-48	20	31	32	20	31	32	3.61
2036	20-11-13	2-54	20	31	32	20	31	32	3.61
2037	20-11-13	2-59	20	31	38	20	31	38	3.61
2038	20-11-13	3-5	21	29	32	21	29	32	3.61
2039	20-11-13	3-10	19	32	32	19	32	32	3.6
2040	20-11-13	3-16	17	28	31	17	28	31	3.6
2041	20-11-13	3-21	17	27	29	17	27	29	3.6
2042	20-11-13	3-27	17	29	33	17	29	33	3.61
2043	20-11-13	3-32	19	29	35	19	29	35	3.6
2044	20-11-13	3-38	17	28	28	17	28	28	3.6
2045	20-11-13	3-43	19	28	29	19	28	29	3.6
2046	20-11-13	3-49	20	29	32	20	29	32	3.59
2047	20-11-13	3-55	19	27	30	19	27	30	3.6
2048	20-11-13	4-0	19	31	32	19	31	32	3.61
2049	20-11-13	4-6	17	27	30	17	27	30	3.61
2050	20-11-13	4-11	19	30	32	19	30	32	3.6
2051	20-11-13	4-17	19	30	34	19	30	34	3.6
2052	20-11-13	4-22	19	27	31	19	27	31	3.6
2053	20-11-13	4-28	19	31	38	19	31	38	3.6
2054	20-11-13	4-33	20	30	34	20	30	34	3.59
2055	20-11-13	4-39	17	27	30	17	27	30	3.6
2056	20-11-13	4-44	16	27	30	16	27	30	3.59
2057	20-11-13	4-50	17	26	28	17	26	28	3.6
2058	20-11-13	4-55	16	24	26	16	24	26	3.6
2059	20-11-13	5-1	19	28	34	19	28	34	3.59
2060	20-11-13	5-6	16	28	30	16	28	30	3.59
2061	20-11-13	5-12	16	26	28	16	26	28	3.59
2062	20-11-13	5-18	17	24	26	17	24	26	3.6
2063	20-11-13	5-23	16	26	26	16	26	26	3.59
2064	20-11-13	5-29	17	26	30	17	26	30	3.59
2065	20-11-13	5-34	16	28	31	16	28	31	3.59
2066	20-11-13	5-40	17	26	28	17	26	28	3.6
2067	20-11-13	5-45	15	24	28	15	24	28	3.59
2068	20-11-13	5-51	17	27	34	17	27	34	3.59
2069	20-11-13	5-56	16	24	26	16	24	26	3.6
2070	20-11-13	6-2	15	22	24	15	22	24	3.59
2071	20-11-13	6-7	16	24	26	16	24	26	3.59
2072	20-11-13	6-13	16	23	31	16	23	31	3.6
2073	20-11-13	6-18	15	23	24	15	23	24	3.59
2074	20-11-13	6-24	17	28	35	17	28	35	3.59
2075	20-11-13	6-29	15	24	26	15	24	26	3.57
2076	20-11-13	6-35	16	24	28	16	24	28	3.59
2077	20-11-13	6-41	15	27	30	15	27	30	3.59
2078	20-11-13	6-46	15	23	23	15	23	23	3.58
2079	20-11-13	6-52	15	23	24	15	23	24	3.59
2080	20-11-13	6-57	13	23	27	13	23	27	3.59
2081	20-11-13	7-3	15	23	27	15	23	27	3.59
2082	20-11-13	7-8	19	28	31	19	28	31	3.59
2083	20-11-13	7-14	32	46	58	30	43	58	3.58
2084	20-11-13	7-19	23	32	36	23	32	36	3.58
2085	20-11-13	7-25	17	28	30	17	28	30	3.58
2086	20-11-13	7-30	16	25	32	16	25	32	3.59
2087	20-11-13	7-36	15	21	23	15	21	23	3.58
2088	20-11-13	7-41	19	30	31	19	30	31	3.57
2089	20-11-13	7-47	22	33	40	22	33	40	3.58
2090	20-11-13	7-52	15	25	29	15	25	29	3.58
2091	20-11-13	7-58	11	15	20	11	15	20	3.58
2092	20-11-13	8-4	18	28	28	18	28	28	3.58
2093	20-11-14	21-5	23	39	42	23	39	42	2.9
2094	20-11-14	21-10	23	37	42	23	37	42	2.85
2095	20-11-14	21-16	23	35	39	23	35	39	2.78
2096	20-11-14	21-21	24	37	40	24	37	40	2.69
2097	20-11-14	21-27	26	43	47	26	41	47	2.56
2098	20-11-15	8-56	33	60	68	31	53	66	2.89
2099	20-11-15	9-2	37	64	76	32	55	71	2.83
2100	20-11-15	9-7	35	52	59	32	47	59	2.75
2101	20-11-15	9-13	29	50	57	27	46	57	2.64
2102	20-11-15	9-18	34	55	62	31	49	62	2.43
2103	20-11-15	9-50	31	56	67	29	52	67	2.71
2104	20-11-15	9-56	30	54	74	29	49	71	2.91
2105	20-11-15	10-1	30	48	61	30	48	61	3.76
2106	20-11-15	10-7	27	49	53	27	48	53	3.98
2107	20-11-15	10-12	30	48	54	30	48	54	4.07
2108	20-11-15	10-18	30	45	56	30	45	56	4.1
2109	20-11-15	10-24	25	46	50	25	46	50	4.13
2110	20-11-15	10-29	23	43	48	23	43	48	4.14
2111	20-11-15	10-35	26	43	49	26	43	49	4.16
2112	20-11-15	10-40	24	39	48	24	39	48	4.18
2113	20-11-15	10-46	24	42	50	24	42	50	4.2
2114	20-11-15	10-51	22	33	37	22	33	37	4.21
2115	20-11-15	10-57	24	39	45	24	39	45	4.23
2116	20-11-15	11-2	24	39	45	24	39	45	4.24
2117	20-11-15	11-8	19	33	36	19	33	36	4.24
2118	20-11-15	11-13	22	36	43	22	36	43	4.26
2119	20-11-15	11-19	19	33	36	19	33	36	4.28
2120	20-11-15	11-24	20	32	38	20	32	38	4.29
2121	20-11-15	11-30	17	28	32	17	28	32	4.31
2122	20-11-15	11-35	19	35	41	19	35	41	4.33
2123	20-11-15	11-41	17	31	37	17	31	37	4.36
2124	20-11-15	11-46	20	29	34	20	29	34	4.38
2125	20-11-15	11-52	17	32	34	17	32	34	4.39
2126	20-11-15	11-57	20	31	38	20	31	38	4.39
2127	20-11-15	12-3	19	32	34	19	32	34	4.39
2128	20-11-15	12-8	17	29	34	17	29	34	4.39
2129	20-11-15	12-14	19	31	34	19	31	34	4.39
2130	20-11-15	12-19	16	29	31	16	29	31	4.39
2131	20-11-15	12-25	19	31	33	19	31	33	4.39
2132	20-11-15	12-30	19	33	39	19	33	39	4.39
2133	20-11-15	12-36	19	31	34	19	31	34	4.39
2134	20-11-15	12-41	19	36	37	19	36	37	4.39
2135	20-11-15	12-47	19	33	36	19	33	36	4.39
2136	20-11-15	12-52	19	31	36	19	31	36	4.39
2137	20-11-15	12-58	19	34	34	19	34	34	4.39
2138	20-11-15	13-3	19	31	39	19	31	39	4.39
2139	20-11-15	13-9	16	28	30	16	28	30	4.39
2140	20-11-15	13-14	21	34	37	21	34	37	4.39
2141	20-11-15	13-20	21	33	39	21	33	39	4.39
2142	20-11-15	13-25	18	30	34	18	30	34	4.39
2143	20-11-15	13-31	16	27	30	16	27	30	4.39
2144	20-11-15	13-36	19	30	33	19	30	33	4.39
2145	20-11-15	13-42	19	33	40	19	33	40	4.39
2146	20-11-15	13-47	19	31	31	19	31	31	4.39
2147	20-11-15	13-53	18	33	37	18	33	37	4.39
2148	20-11-15	13-58	19	33	34	19	33	34	4.39
2149	20-11-15	14-4	19	34	40	19	34	40	4.39
2150	20-11-15	14-9	19	31	35	19	31	35	4.39
2151	20-11-15	14-15	20	34	37	20	34	37	4.39
2152	20-11-15	14-20	17	32	37	17	32	37	4.39
2153	20-11-15	14-26	17	31	34	17	31	34	4.39
2154	20-11-15	14-31	19	32	37	19	32	37	4.39
2155	20-11-15	14-37	19	29	34	19	29	34	4.39
2156	20-11-15	14-42	17	31	32	17	31	32	4.39
2157	20-11-15	14-48	17	29	35	17	29	35	4.39
2158	20-11-15	14-53	22	34	37	22	34	37	4.39
2159	20-11-15	14-59	20	35	41	20	35	41	4.39
2160	20-11-15	15-4	22	37	46	22	37	46	4.39
2161	20-11-15	15-10	22	34	35	22	34	35	4.39
2162	20-11-15	15-15	20	31	32	20	31	32	4.39
2163	20-11-15	15-21	20	32	37	20	32	37	4.39
2164	20-11-15	15-26	22	34	35	22	34	35	4.39
2165	20-11-15	15-32	19	34	38	19	34	38	4.39
2166	20-11-15	15-37	21	34	37	21	34	37	4.23
2167	20-11-15	15-43	20	31	33	20	31	33	4.23
2168	20-11-15	15-48	20	31	37	20	31	37	4.23
2169	20-11-15	15-54	22	37	41	22	37	41	4.22
2170	20-11-15	15-59	21	37	42	21	37	42	4.23
2171	20-11-15	16-5	21	37	38	21	37	38	4.23
2172	20-11-15	16-10	22	37	41	22	37	41	4.23
2173	20-11-15	16-16	19	35	45	19	35	45	4.29
2174	20-11-15	16-21	18	31	35	18	31	35	4.22
2175	20-11-15	16-27	21	32	40	21	32	40	4.22
2176	20-11-15	16-32	24	37	40	24	37	40	4.22
2177	20-11-15	16-38	21	32	38	21	32	38	4.22
2178	20-11-15	16-43	18	31	34	18	31	34	4.22
2179	20-11-15	16-49	21	35	38	21	35	38	4.27
2180	20-11-15	16-54	20	34	40	20	34	40	4.22
2181	20-11-15	17-0	21	34	37	21	34	37	4.22
2182	20-11-15	17-5	24	37	41	24	37	41	4.22
2183	20-11-15	17-11	21	37	40	21	37	40	4.22
2184	20-11-15	17-16	20	28	31	20	28	31	4.22
2185	20-11-15	17-22	21	38	40	21	38	40	4.22
2186	20-11-15	17-27	21	35	40	21	35	40	4.21
2187	20-11-15	17-33	21	35	42	21	35	42	4.22
2188	20-11-15	17-38	21	34	40	21	34	40	4.22
2189	20-11-15	17-44	25	37	44	25	37	44	4.22
2190	20-11-15	17-49	21	34	38	21	34	38	4.22
2191	20-11-15	17-55	24	35	37	24	35	37	4.22
2192	20-11-15	18-0	24	38	45	24	38	45	4.22
2193	20-11-15	18-6	22	37	38	22	37	38	4.22
2194	20-11-15	18-11	24	39	42	24	39	42	4.22
2195	20-11-15	18-17	24	38	47	24	38	47	4.21
2196	20-11-15	18-22	27	47	53	27	45	53	4.22
2197	20-11-15	18-28	24	41	48	24	41	48	4.22
2198	20-11-15	18-33	24	38	44	24	38	44	4.22
2199	20-11-15	18-39	22	44	53	22	43	53	4.22
2200	20-11-15	18-44	22	37	38	22	37	38	4.22
2201	20-11-15	18-50	24	43	50	24	43	50	4.22
2202	20-11-15	18-55	25	44	50	25	43	50	4.22
2203	20-11-15	19-1	27	44	50	27	43	50	4.22
2204	20-11-15	19-6	25	41	47	25	41	47	4.22
2205	20-11-15	19-12	24	43	48	24	43	48	4.21
2206	20-11-15	19-17	25	44	48	25	43	48	4.21
2207	20-11-15	19-23	27	45	52	27	44	52	4.19
2208	20-11-15	19-28	24	44	51	24	42	51	4.18
2209	20-11-15	19-34	27	45	51	27	44	51	4.18
2210	20-11-15	19-39	24	38	45	24	38	45	4.18
2211	20-11-15	19-45	27	48	51	27	45	51	4.18
2212	20-11-15	19-50	25	42	52	25	42	52	4.17
2213	20-11-15	19-56	24	43	48	24	43	48	4.17
2214	20-11-15	20-1	28	51	64	28	47	64	4.18
2215	20-11-15	20-7	27	45	57	27	44	57	4.17
2216	20-11-15	20-12	24	43	47	24	43	47	4.17
2217	20-11-15	20-18	25	40	44	25	40	44	4.17
2218	20-11-15	20-23	27	45	52	27	43	52	4.17
2219	20-11-15	20-29	26	46	55	26	45	55	4.17
2220	20-11-15	20-34	30	54	67	28	50	66	4.16
2221	20-11-15	20-40	27	51	59	27	47	59	4.16
2222	20-11-15	20-45	30	53	58	29	49	58	4.18
2223	20-11-15	20-51	31	55	65	30	50	65	4.16
2224	20-11-15	20-56	31	52	65	30	47	65	4.16
2225	20-11-15	21-2	27	46	47	27	44	47	4.16
2226	20-11-15	21-7	30	47	56	29	46	56	4.16
2227	20-11-15	21-13	27	49	60	27	46	60	4.16
2228	20-11-15	21-18	30	54	62	29	49	62	4.18
2229	20-11-15	21-24	30	49	60	29	46	60	4.15
2230	20-11-15	21-29	33	56	60	31	50	60	4.16
2231	20-11-15	21-35	27	50	60	27	47	60	4.15
2232	20-11-15	21-40	27	44	51	27	43	51	4.11
2233	20-11-15	21-46	28	47	55	27	44	55	4.11
2234	20-11-15	21-51	25	44	50	25	43	50	4.11
2235	20-11-15	21-57	28	48	61	27	44	61	4.11
2236	20-11-15	22-3	28	46	54	27	43	54	4.1
2237	20-11-15	22-8	30	50	57	28	46	57	4.11
2238	20-11-15	22-14	28	50	57	27	46	57	4.1
2239	20-11-15	22-19	24	45	54	24	43	54	4.11
2240	20-11-15	22-25	23	43	49	23	42	49	4.1
2241	20-11-15	22-30	24	41	45	24	41	45	4.09
2242	20-11-15	22-36	25	47	54	25	45	54	4.09
2243	20-11-15	22-41	30	46	53	28	43	53	4.08
2244	20-11-15	22-47	23	45	54	23	43	54	4.09
2245	20-11-15	22-52	27	49	54	27	45	54	4.08
2246	20-11-15	22-58	26	47	56	26	45	56	4.09
2247	20-11-15	23-3	23	41	42	23	41	42	4.09
2248	20-11-15	23-9	23	41	43	23	41	43	4.08
2249	20-11-15	23-14	27	47	53	27	45	53	4.09
2250	20-11-15	23-20	26	43	54	26	42	54	4.08
2251	20-11-15	23-26	26	45	50	26	43	50	4.08
2252	20-11-15	23-31	24	43	56	24	42	56	4.08
2253	20-11-15	23-37	27	49	56	27	45	56	4.07
2254	20-11-15	23-42	27	48	55	27	45	55	4.08
2255	20-11-15	23-48	27	51	62	27	47	62	4.07
2256	20-11-15	23-53	27	46	55	27	44	55	4.07
2257	20-11-15	23-59	25	45	52	25	43	52	4.07
2258	20-11-16	0-4	23	40	41	23	40	41	4.07
2259	20-11-16	0-10	22	38	44	22	38	44	4.07
2260	20-11-16	0-15	26	46	53	26	44	53	4.06
2261	20-11-16	0-21	30	54	64	29	48	62	4.04
2262	20-11-16	0-26	29	52	58	27	48	58	4.07
2263	20-11-16	0-32	23	45	53	23	44	53	4.06
2264	20-11-16	0-37	22	40	45	22	40	45	4.05
2265	20-11-16	0-43	24	44	45	24	42	45	4.06
2266	20-11-16	0-49	23	42	45	23	41	45	4.06
2267	20-11-16	0-54	23	40	44	23	40	44	4.06
2268	20-11-16	1-0	20	38	45	20	38	45	4.05
2269	20-11-16	1-5	24	45	50	24	44	50	4.05
2270	20-11-16	1-11	22	38	39	22	38	39	4.05
2271	20-11-16	1-16	27	45	53	27	43	53	4.05
2272	20-11-16	1-22	21	37	43	21	37	43	4.05
2273	20-11-16	1-27	19	37	50	19	37	50	4.05
2274	20-11-16	1-33	23	39	48	23	39	48	4.04
2275	20-11-16	1-38	24	45	49	24	43	49	4.05
2276	20-11-16	1-44	21	41	48	21	41	48	4.05
2277	20-11-16	1-49	23	45	48	23	43	48	4.05
2278	20-11-16	1-55	28	46	52	27	43	52	4.05
2279	20-11-16	2-0	24	43	54	24	42	54	4.05
2280	20-11-16	2-6	26	45	49	26	43	49	4.04
2281	20-11-16	2-12	23	39	45	23	39	45	4.04
2282	20-11-16	2-17	23	41	49	23	41	49	4.03
2283	20-11-16	2-23	26	49	53	26	45	53	4.04
2284	20-11-16	2-28	23	45	50	23	43	50	4.04
2285	20-11-16	2-34	24	45	57	24	43	57	4.04
2286	20-11-16	2-39	23	43	48	23	42	48	4.04
2287	20-11-16	2-45	23	42	49	23	41	49	4.04
2288	20-11-16	2-50	26	42	52	26	41	52	4.03
2289	20-11-16	2-56	26	45	49	26	43	49	4.03
2290	20-11-16	3-1	26	45	52	26	43	52	4.03
2291	20-11-16	3-7	26	46	52	26	43	52	4.03
2292	20-11-16	3-12	26	49	57	26	45	57	4.02
2293	20-11-16	3-18	23	45	55	23	44	55	4.03
2294	20-11-16	3-23	24	47	59	24	44	59	4.02
2295	20-11-16	3-29	25	46	51	25	44	51	4.03
2296	20-11-16	3-35	24	46	52	24	44	52	4.03
2297	20-11-16	3-40	23	39	46	23	39	46	4.03
2298	20-11-16	3-46	26	49	53	26	45	53	4.02
2299	20-11-16	3-51	24	44	48	24	42	48	4.02
2300	20-11-16	3-57	24	45	49	24	44	49	4.02
2301	20-11-16	4-2	23	45	51	23	44	51	4.02
2302	20-11-16	4-8	24	44	47	24	42	47	4.02
2303	20-11-16	4-13	24	44	55	24	42	55	4.02
2304	20-11-16	4-19	24	45	53	24	44	53	4.02
2305	20-11-16	4-24	24	48	56	24	45	56	4.02
2306	20-11-16	4-30	24	42	50	24	41	50	4.03
2307	20-11-16	4-35	23	42	53	23	41	53	4.02
2308	20-11-16	4-41	26	47	54	26	44	54	4.01
2309	20-11-16	4-46	24	45	53	24	44	53	4.02
2310	20-11-16	4-52	25	44	52	25	43	52	4.01
2311	20-11-16	4-58	23	46	56	23	44	56	4.01
2312	20-11-16	5-3	21	39	45	21	39	45	4.02
2313	20-11-16	5-9	22	39	44	22	39	44	4.02
2314	20-11-16	5-14	23	42	46	23	41	46	4.02
2315	20-11-16	5-20	23	38	42	23	38	42	4.01
2316	20-11-16	5-25	22	39	46	22	39	46	4.01
2317	20-11-16	5-31	19	35	41	19	35	41	4.01
2318	20-11-16	5-36	24	41	52	24	41	52	4.02
2319	20-11-16	5-42	20	41	53	20	41	53	4
2320	20-11-16	5-47	22	40	47	22	40	47	4.01
2321	20-11-16	5-53	23	42	53	23	40	53	4
2322	20-11-16	5-58	23	39	48	23	39	48	4.01
2323	20-11-16	6-4	22	39	45	22	39	45	4.01
2324	20-11-16	6-9	20	37	41	20	37	41	4.02
2325	20-11-16	6-15	17	38	45	17	38	45	4.01
2326	20-11-16	6-21	20	35	44	20	35	44	4.01
2327	20-11-16	6-26	19	33	39	19	33	39	4.01
2328	20-11-16	6-32	23	41	46	23	41	46	4.01
2329	20-11-16	6-37	22	41	45	22	41	45	4.01
2330	20-11-16	6-43	22	38	39	22	38	39	4.01
2331	20-11-16	6-48	22	37	40	22	37	40	4.01
2332	20-11-16	6-54	22	35	41	22	35	41	4.01
2333	20-11-16	6-59	22	40	47	22	40	47	4
2334	20-11-16	7-5	20	40	44	20	40	44	4.01
2335	20-11-16	7-10	22	40	46	22	40	46	4
2336	20-11-16	7-16	20	35	45	20	35	45	3.99
2337	20-11-16	7-21	20	37	40	20	37	40	4
2338	20-11-16	7-27	19	35	37	19	35	37	4.02
2339	20-11-16	7-32	19	35	42	19	35	42	4
2340	20-11-16	7-38	19	34	42	19	34	42	4
2341	20-11-16	7-44	22	44	49	22	43	49	3.99
2342	20-11-16	7-49	23	38	42	23	38	42	4
2343	20-11-16	7-55	23	37	38	23	37	38	4
2344	20-11-16	8-0	20	37	41	20	37	41	4
2345	20-11-16	8-6	22	39	42	22	39	42	4
2346	20-11-16	8-11	22	42	53	22	41	53	3.99
2347	20-11-16	8-17	22	41	45	22	41	45	4
2348	20-11-16	8-22	23	39	42	23	39	42	4
2349	20-11-16	8-28	23	42	53	23	41	53	4
2350	20-11-16	8-33	22	41	45	22	41	45	4
2351	20-11-16	8-39	23	44	53	23	42	53	4.01
2352	20-11-16	8-44	20	35	37	20	35	37	4
2353	20-11-16	8-50	19	34	39	19	34	39	3.98
2354	20-11-16	8-55	22	37	39	22	37	39	4
2355	20-11-16	9-1	20	37	45	20	37	45	3.99
2356	20-11-16	9-7	19	35	41	19	35	41	4
2357	20-11-16	9-12	17	34	38	17	34	38	3.99
2358	20-11-16	9-18	20	34	42	20	34	42	4
设备ID：	35FFDA055248373741740551								
