数据排序	年月日	时分	PM1.0(标)	PM2.5(标)	PM10(标)	PM1.0(气)	PM2.5(气)	PM10(气)	电压	
0	20-11-3	19-12	39	58	62	33	50	61	4.15	
1	20-11-3	19-23	67	92	98	44	65	81	4.15	
2	20-11-3	19-33	45	66	72	37	54	67	4.15	
3	20-11-3	19-44	33	45	49	30	42	49	4.15	
4	20-11-3	19-54	26	38	41	26	38	41	4.15	
5	20-11-3	20-5	15	21	25	15	21	25	4.15	
6	20-11-3	20-15	11	15	15	11	15	15	4.15	
7	20-11-3	20-26	9	13	14	9	13	14	4.15	
8	20-11-3	20-36	5	6	6	5	6	6	4.15	
9	20-11-3	20-47	3	6	6	3	6	6	4.15	
10	20-11-3	20-57	3	6	6	3	6	6	4.15	
11	20-11-3	21-8	2	5	5	2	5	5	4.15	
12	20-11-3	21-18	3	5	6	3	5	6	4.15	
13	20-11-3	21-29	2	5	5	2	5	5	4.15	
14	20-11-3	21-39	3	5	5	3	5	5	4.15	
15	20-11-3	21-50	3	6	6	3	6	6	4.12	
16	20-11-3	22-0	4	5	6	4	5	6	4.12	
17	20-11-3	22-11	51	75	81	40	60	73	4.12	
18	20-11-3	22-17	5	11	11	5	11	11	4.19	
19	20-11-3	22-27	12	18	18	12	18	18	4.17	
20	20-11-3	22-38	9	15	15	9	15	15	4.15	
21	20-11-3	22-48	4	8	8	4	8	8	4.15	
22	20-11-3	22-59	4	5	6	4	5	6	4.15	
23	20-11-3	23-9	4	6	6	4	6	6	4.15	
24	20-11-3	23-20	119	173	193	79	114	127	4.16	
25	20-11-3	23-30	35	51	59	31	47	59	4.15	
26	20-11-3	23-41	21	31	33	21	31	33	4.15	
27	20-11-3	23-51	14	21	24	14	21	24	4.15	
28	20-11-4	0-2	80	120	135	52	79	98	4.15	
29	20-11-4	0-12	28	40	42	26	40	42	4.15	
30	20-11-4	0-23	34	52	57	30	46	57	4.15	
31	20-11-4	0-33	28	41	44	27	40	44	4.12	
32	20-11-4	0-44	74	109	120	48	71	91	4.12	
33	20-11-4	0-54	94	147	166	61	97	109	4.11	
34	20-11-4	1-5	58	89	97	42	64	81	4.11	
35	20-11-4	1-15	40	63	70	34	52	66	4.12	
36	20-11-4	1-26	27	41	45	26	39	45	4.11	
37	20-11-4	1-37	19	27	31	19	27	31	4.11	
38	20-11-4	1-47	15	23	25	15	23	25	4.11	
39	20-11-4	1-58	10	15	17	10	15	17	4.11	
40	20-11-4	2-8	133	204	241	87	135	160	4.10	
41	20-11-4	2-19	120	176	193	80	117	127	4.10	
42	20-11-4	2-29	66	100	112	45	68	88	4.10	
43	20-11-4	2-40	50	74	81	38	58	72	4.11	
44	20-11-4	2-50	30	44	46	29	42	46	4.09	
45	20-11-4	3-1	21	29	32	21	29	32	4.10	
46	20-11-4	3-11	14	22	24	14	22	24	4.09	
47	20-11-4	3-22	10	17	17	10	17	17	4.09	
48	20-11-4	3-32	9	13	14	9	13	14	4.09	
49	20-11-4	3-43	8	13	14	8	13	14	4.09	
50	20-11-4	3-53	5	9	10	5	9	10	4.08	
51	20-11-4	4-4	6	10	10	6	10	10	4.08	
52	20-11-4	4-15	6	9	10	6	9	10	4.08	
53	20-11-4	4-25	8	10	10	8	10	10	4.08	
54	20-11-4	4-36	5	8	8	5	8	8	4.08	
55	20-11-4	4-46	6	8	9	6	8	9	4.08	
56	20-11-4	4-57	5	8	9	5	8	9	4.08	
57	20-11-4	5-7	5	6	6	5	6	6	4.07	
58	20-11-4	5-18	5	8	9	5	8	9	4.08	
59	20-11-4	5-28	6	8	8	6	8	8	4.04	
60	20-11-4	5-39	6	8	9	6	8	9	4.06	
61	20-11-4	5-49	6	8	8	6	8	8	4.07	
62	20-11-4	6-0	8	9	10	8	9	10	4.07	
63	20-11-4	6-10	6	9	9	6	9	9	4.07	
64	20-11-4	6-21	8	10	13	8	10	13	4.07	
65	20-11-4	6-31	8	10	12	8	10	12	4.06	
66	20-11-4	6-42	8	9	10	8	9	10	4.07	
67	20-11-4	6-53	6	10	10	6	10	10	4.06	
68	20-11-4	7-3	9	10	10	9	10	10	4.06	
69	20-11-4	7-14	8	10	12	8	10	12	4.06	
70	20-11-4	7-24	8	10	10	8	10	10	4.06	
71	20-11-4	7-31	9	11	13	9	11	13	4.06	
72	20-11-4	7-42	7	11	13	7	11	13	4.04	
73	20-11-4	7-52	10	13	13	10	13	13	4.05	
74	20-11-4	8-3	9	11	11	9	11	11	4.05	
75	20-11-4	8-13	9	11	13	9	11	13	4.05	
76	20-11-4	8-24	13	17	19	13	17	19	4.05	
77	20-11-4	8-34	13	18	21	13	18	21	4.05	
78	20-11-4	8-45	14	20	20	14	20	20	4.05	
79	20-11-4	8-55	9	12	13	9	12	13	4.06	
80	20-11-4	9-6	10	14	16	10	14	16	4.04	
81	20-11-4	9-16	10	14	16	10	14	16	4.04	
82	20-11-4	9-27	8	12	12	8	12	12	4.04	
83	20-11-4	9-37	6	10	12	6	10	12	4.04	
84	20-11-4	9-48	8	10	10	8	10	10	4.04	
85	20-11-4	9-58	9	12	13	9	12	13	4.03	
86	20-11-4	10-9	8	12	13	8	12	13	4.04	
87	20-11-4	10-19	8	10	12	8	10	12	4.04	
88	20-11-4	10-30	8	8	8	8	8	8	4.04	
89	20-11-4	10-41	29	41	44	28	40	44	4.03	
90	20-11-4	10-51	20	26	29	20	26	29	4.02	
91	20-11-4	11-2	20	25	28	20	25	28	4.03	
92	20-11-4	11-12	17	22	22	17	22	22	4.03	
93	20-11-4	11-23	10	13	14	10	13	14	4.03	
94	20-11-4	11-33	10	13	13	10	13	13	4.03	
95	20-11-4	11-44	10	12	13	10	12	13	4.03	
96	20-11-4	11-54	9	13	13	9	13	13	4.03	
97	20-11-4	12-5	8	12	13	8	12	13	4.03	
98	20-11-4	12-15	10	12	12	10	12	12	4.02	
99	20-11-4	12-26	12	14	14	12	14	14	4.02	
100	20-11-4	12-36	12	16	16	12	16	16	4.02	
101	20-11-4	12-47	10	13	13	10	13	13	4.02	
102	20-11-4	12-57	10	14	16	10	14	16	4.02	
103	20-11-4	13-8	12	16	17	12	16	17	4.02	
104	20-11-4	13-19	10	12	12	10	12	12	4.02	
105	20-11-4	13-29	2	5	5	2	5	5	4.02	
106	20-11-4	13-40	1	3	3	1	3	3	4.02	
107	20-11-4	13-50	1	1	2	1	1	2	4.02	
108	20-11-4	14-1	6	7	7	6	7	7	4.01	
109	20-11-4	14-11	6	7	9	6	7	9	4.02	
110	20-11-4	14-22	6	10	10	6	10	10	4.01	
111	20-11-4	14-32	7	11	13	7	11	13	4.02	
112	20-11-4	14-43	8	10	12	8	10	12	4.01	
113	20-11-4	14-53	9	13	13	9	13	13	4.01	
114	20-11-4	15-4	6	9	9	6	9	9	4.01	
115	20-11-4	15-14	6	9	9	6	9	9	4.01	
116	20-11-4	15-25	5	7	7	5	7	7	4.01	
117	20-11-4	15-35	6	7	7	6	7	7	4.01	
118	20-11-4	15-46	4	6	6	4	6	6	4.01	
119	20-11-4	15-57	4	8	9	4	8	9	4.01	
120	20-11-4	16-7	2	4	4	2	4	4	4.01	
121	20-11-4	16-18	6	7	8	6	7	8	4.01	
122	20-11-4	16-28	6	9	9	6	9	9	4.01	
123	20-11-4	16-39	6	9	9	6	9	9	4.01	
124	20-11-4	16-49	0	0	0	0	0	0	4.00	
125	20-11-4	17-0	1	1	1	1	1	1	4.01	
126	20-11-4	17-10	2	3	5	2	3	5	4.00	
127	20-11-4	17-21	21	28	33	21	28	33	4.00	
128	20-11-4	17-31	5	6	6	5	6	6	4.00	
129	20-11-4	17-42	7	9	9	7	9	9	4.01	
130	20-11-4	17-53	6	9	9	6	9	9	4.00	
131	20-11-4	18-3	8	9	11	8	9	11	4.00	
132	20-11-4	18-14	11	17	18	11	17	18	4.00	
133	20-11-4	18-24	6	12	15	6	12	15	4.00	
134	20-11-4	18-35	5	7	7	5	7	7	4.00	
135	20-11-4	18-45	4	5	5	4	5	5	4.00	
136	20-11-4	18-56	5	9	9	5	9	9	3.98	
137	20-11-4	19-6	7	11	13	7	11	13	4.00	
138	20-11-4	19-17	9	14	15	9	14	15	4.00	
139	20-11-4	19-27	18	24	29	18	24	29	4.00	
140	20-11-4	19-38	15	24	25	15	24	25	4.00	
141	20-11-4	19-48	17	24	28	17	24	28	3.99	
142	20-11-4	19-59	18	27	30	18	27	30	4.00	
143	20-11-4	20-9	18	28	32	18	28	32	3.99	
144	20-11-4	20-20	19	30	34	19	30	34	3.99	
145	20-11-4	20-30	22	28	29	22	28	29	4.00	
146	20-11-4	20-41	11	15	18	11	15	18	3.98	
147	20-11-4	20-52	6	9	10	6	9	10	3.99	
148	20-11-4	21-2	5	9	9	5	9	9	3.99	
149	20-11-4	21-13	3	5	7	3	5	7	3.99	
150	20-11-4	21-23	7	10	13	7	10	13	3.99	
151	20-11-4	21-34	6	9	9	6	9	9	3.99	
152	20-11-4	21-44	5	6	7	5	6	7	3.98	
153	20-11-4	21-55	8	10	11	8	10	11	3.99	
154	20-11-4	22-5	38	55	61	32	48	60	3.99	
155	20-11-4	22-16	46	65	72	37	54	66	3.99	
156	20-11-4	22-25	36	49	57	33	48	57	4.39	
157	20-11-4	22-35	25	34	37	25	34	37	4.39	
158	20-11-4	22-46	17	24	24	17	24	24	4.39	
159	20-11-4	22-56	12	19	22	12	19	22	4.38	
160	20-11-4	23-7	12	19	20	12	19	20	4.30	
161	20-11-4	23-17	12	19	20	12	19	20	4.30	
162	20-11-4	23-28	83	125	140	54	83	101	4.21	
163	20-11-4	23-38	52	73	80	40	58	71	4.19	
164	20-11-4	23-49	36	51	58	32	47	58	4.18	
165	20-11-4	23-59	25	33	40	25	33	40	4.18	
166	20-11-5	0-10	22	29	32	22	29	32	4.17	
167	20-11-5	0-20	15	23	26	15	23	26	4.15	
168	20-11-5	0-31	13	19	21	13	19	21	4.15	
169	20-11-5	0-41	12	17	17	12	17	17	4.15	
170	20-11-5	0-52	10	14	16	10	14	16	4.15	
171	20-11-5	1-2	10	14	16	10	14	16	4.15	
172	20-11-5	1-13	12	14	17	12	14	17	4.15	
173	20-11-5	1-23	10	13	14	10	13	14	4.15	
174	20-11-5	1-34	16	22	25	16	22	25	4.15	
175	20-11-5	1-44	14	18	22	14	18	22	4.14	
176	20-11-5	1-55	12	16	16	12	16	16	4.14	
177	20-11-5	2-5	9	12	12	9	12	12	4.14	
178	20-11-5	2-16	8	10	10	8	10	10	4.14	
179	20-11-5	2-26	9	12	13	9	12	13	4.14	
180	20-11-5	2-37	9	13	14	9	13	14	4.14	
181	20-11-5	2-47	8	12	13	8	12	13	4.14	
182	20-11-5	2-58	9	13	13	9	13	13	4.14	
183	20-11-5	3-8	9	12	13	9	12	13	4.14	
184	20-11-5	3-19	8	10	10	8	10	10	4.14	
185	20-11-5	3-29	9	13	14	9	13	14	4.14	
186	20-11-5	3-40	8	10	12	8	10	12	4.14	
187	20-11-5	3-50	8	10	12	8	10	12	4.14	
188	20-11-5	4-1	8	10	10	8	10	10	4.14	
189	20-11-5	4-11	8	9	9	8	9	9	4.14	
190	20-11-5	4-22	6	9	9	6	9	9	4.14	
191	20-11-5	4-32	8	9	10	8	9	10	4.14	
192	20-11-5	4-43	5	9	9	5	9	9	4.14	
193	20-11-5	4-53	8	10	10	8	10	10	4.14	
194	20-11-5	5-4	8	9	10	8	9	10	4.14	
195	20-11-5	5-14	6	8	9	6	8	9	4.14	
196	20-11-5	5-25	5	8	9	5	8	9	4.14	
197	20-11-5	5-35	6	8	8	6	8	8	4.14	
198	20-11-5	5-46	8	10	10	8	10	10	4.14	
199	20-11-5	5-56	6	9	9	6	9	9	4.14	
200	20-11-5	6-7	6	9	9	6	9	9	4.14	
201	20-11-5	6-17	6	10	10	6	10	10	4.14	
202	20-11-5	6-28	6	9	9	6	9	9	4.14	
203	20-11-5	6-38	8	9	9	8	9	9	4.14	
204	20-11-5	6-49	8	10	12	8	10	12	4.14	
205	20-11-5	6-59	6	9	9	6	9	9	4.14	
206	20-11-5	7-10	5	8	8	5	8	8	4.14	
207	20-11-5	7-20	6	9	9	6	9	9	4.14	
208	20-11-5	7-31	8	10	10	8	10	10	4.14	
209	20-11-5	7-41	5	8	9	5	8	9	4.14	
210	20-11-5	7-52	6	8	9	6	8	9	4.11	
211	20-11-5	8-2	5	7	7	5	7	7	4.11	
212	20-11-5	8-13	6	9	10	6	9	10	4.11	
213	20-11-5	8-23	6	7	7	6	7	7	4.11	
214	20-11-5	8-34	6	9	9	6	9	9	4.10	
215	20-11-5	8-45	6	10	12	6	10	12	4.10	
216	20-11-5	8-55	7	10	10	7	10	10	4.10	
217	20-11-5	9-6	6	8	10	6	8	10	4.10	
218	20-11-5	9-16	6	8	8	6	8	8	4.10	
219	20-11-5	9-27	6	8	8	6	8	8	4.09	
220	20-11-5	9-37	7	10	10	7	10	10	4.09	
221	20-11-5	9-48	5	7	8	5	7	8	4.09	
222	20-11-5	9-58	6	8	8	6	8	8	4.09	
223	20-11-5	10-9	4	7	7	4	7	7	4.08	
224	20-11-5	10-19	6	8	8	6	8	8	4.08	
225	20-11-5	10-30	6	9	9	6	9	9	4.09	
226	20-11-5	10-40	6	8	9	6	8	9	4.08	
227	20-11-5	10-51	6	9	10	6	9	10	4.08	
228	20-11-5	11-1	7	9	9	7	9	9	4.08	
229	20-11-5	11-12	7	9	10	7	9	10	4.08	
230	20-11-5	11-23	7	9	10	7	9	10	4.07	
231	20-11-5	11-33	8	10	12	8	10	12	4.07	
232	20-11-5	11-44	7	10	10	7	10	10	4.07	
233	20-11-5	11-54	8	12	13	8	12	13	4.07	
234	20-11-5	12-5	8	12	12	8	12	12	4.07	
235	20-11-5	12-15	7	10	12	7	10	12	4.07	
236	20-11-5	12-26	9	11	13	9	11	13	4.07	
237	20-11-5	12-36	6	9	9	6	9	9	4.07	
238	20-11-5	12-47	6	8	8	6	8	8	4.07	
239	20-11-5	12-57	6	8	10	6	8	10	4.06	
240	20-11-5	13-8	8	12	12	8	12	12	4.06	
241	20-11-5	13-18	10	12	12	10	12	12	4.06	
242	20-11-5	13-29	9	13	14	9	13	14	4.06	
243	20-11-5	13-39	7	10	11	7	10	11	4.06	
244	20-11-5	13-50	9	11	11	9	11	11	4.06	
245	20-11-5	14-0	7	11	13	7	11	13	4.05	
246	20-11-5	14-11	9	11	11	9	11	11	4.05	
247	20-11-5	14-22	6	10	11	6	10	11	4.06	
248	20-11-5	14-32	7	10	13	7	10	13	4.05	
249	20-11-5	14-43	9	11	13	9	11	13	4.05	
250	20-11-5	14-53	7	10	14	7	10	14	4.04	
251	20-11-5	15-4	9	11	11	9	11	11	4.05	
252	20-11-5	15-14	9	11	13	9	11	13	4.05	
253	20-11-5	15-25	66	98	111	45	67	87	4.05	
254	20-11-5	15-35	27	38	39	26	38	39	4.04	
255	20-11-5	15-46	21	30	33	21	30	33	4.04	
256	20-11-5	15-53	71	101	111	48	71	90	4.38	
257	20-11-5	16-3	53	79	95	40	61	81	4.27	
258	20-11-5	16-14	35	49	53	31	45	53	4.20	
259	20-11-5	16-24	22	33	36	22	33	36	4.18	
260	20-11-5	16-35	69	106	118	46	70	90	4.17	
261	20-11-5	16-45	58	83	94	42	62	79	4.18	
262	20-11-5	16-56	43	63	69	35	52	65	4.17	
263	20-11-5	17-6	82	124	133	53	82	95	4.15	
264	20-11-5	17-17	54	82	95	40	61	79	4.15	
265	20-11-5	17-27	18	26	28	18	26	28	4.15	
266	20-11-5	17-38	14	18	19	14	18	19	4.15	
267	20-11-5	17-48	14	18	22	14	18	22	4.15	
268	20-11-5	17-59	10	14	17	10	14	17	4.15	
269	20-11-5	18-9	12	16	16	12	16	16	4.15	
270	20-11-5	18-20	10	14	14	10	14	14	4.15	
271	20-11-5	18-30	10	14	15	10	14	15	4.15	
272	20-11-5	18-41	11	15	17	11	15	17	4.15	
273	20-11-5	18-51	11	14	14	11	14	14	4.15	
274	20-11-5	19-2	13	17	18	13	17	18	4.15	
275	20-11-5	19-12	14	17	18	14	17	18	4.15	
276	20-11-5	19-23	11	15	17	11	15	17	4.15	
277	20-11-5	19-33	13	17	17	13	17	17	4.15	
278	20-11-5	19-44	10	15	17	10	15	17	4.15	
279	20-11-5	19-54	11	14	15	11	14	15	4.15	
280	20-11-5	20-5	14	18	18	14	18	18	4.15	
281	20-11-5	20-15	13	17	20	13	17	20	4.15	
282	20-11-5	20-26	11	15	17	11	15	17	4.15	
283	20-11-5	20-36	11	15	15	11	15	15	4.15	
284	20-11-5	20-47	11	15	18	11	15	18	4.15	
285	20-11-5	20-57	11	15	17	11	15	17	4.15	
286	20-11-5	21-8	13	17	18	13	17	18	4.15	
287	20-11-5	21-18	11	17	17	11	17	17	4.15	
288	20-11-5	21-29	14	18	19	14	18	19	4.15	
289	20-11-5	21-39	11	15	17	11	15	17	4.15	
290	20-11-5	21-50	10	14	15	10	14	15	4.15	
291	20-11-5	22-0	66	90	99	44	63	80	4.15	
292	20-11-5	22-11	44	61	67	36	51	63	4.15	
293	20-11-5	22-21	26	35	38	26	35	38	4.14	
294	20-11-5	22-32	24	34	35	24	34	35	4.15	
295	20-11-5	22-42	19	24	26	19	24	26	4.15	
296	20-11-5	22-53	19	26	29	19	26	29	4.15	
297	20-11-5	23-3	50	72	79	39	57	71	4.15	
298	20-11-5	23-14	89	130	141	58	86	98	4.14	
299	20-11-5	23-25	108	166	189	71	110	126	4.15	
300	20-11-5	23-35	76	113	126	50	76	93	4.14	
301	20-11-5	23-46	55	78	90	40	59	77	4.14	
302	20-11-5	23-56	38	54	61	33	47	60	4.15	
303	20-11-6	0-7	31	42	48	28	41	48	4.15	
304	20-11-6	0-17	87	129	138	57	85	98	4.15	
305	20-11-6	0-28	56	82	90	40	61	77	4.15	
306	20-11-6	0-38	39	56	63	33	49	61	4.15	
307	20-11-6	0-49	31	48	51	28	44	51	4.14	
308	20-11-6	0-59	23	36	40	23	36	40	4.15	
309	20-11-6	1-10	23	31	32	23	31	32	4.15	
310	20-11-6	1-20	21	27	28	21	27	28	4.15	
311	20-11-6	1-31	18	26	28	18	26	28	4.15	
312	20-11-6	1-41	15	21	22	15	21	22	4.15	
313	20-11-6	1-52	89	144	163	59	95	107	4.15	
314	20-11-6	2-2	118	175	206	78	115	136	4.15	
315	20-11-6	2-13	109	161	188	72	106	124	4.15	
316	20-11-6	2-23	80	119	136	52	78	97	4.15	
317	20-11-6	2-34	63	93	101	43	65	82	4.14	
318	20-11-6	2-44	44	65	77	36	53	69	4.14	
319	20-11-6	2-55	35	51	56	31	46	56	4.14	
320	20-11-6	3-5	26	36	40	26	36	40	4.14	
321	20-11-6	3-16	23	32	34	23	32	34	4.14	
322	20-11-6	3-26	22	31	32	22	31	32	4.14	
323	20-11-6	3-37	21	26	27	21	26	27	4.14	
324	20-11-6	3-47	18	26	27	18	26	27	4.14	
325	20-11-6	3-58	17	23	25	17	23	25	4.14	
326	20-11-6	4-8	14	21	21	14	21	21	4.14	
327	20-11-6	4-19	14	21	22	14	21	22	4.14	
328	20-11-6	4-29	14	22	22	14	22	22	4.14	
329	20-11-6	4-40	13	18	21	13	18	21	4.14	
330	20-11-6	4-50	14	21	25	14	21	25	4.14	
331	20-11-6	5-1	13	19	21	13	19	21	4.14	
332	20-11-6	5-11	13	18	18	13	18	18	4.14	
333	20-11-6	5-22	15	21	21	15	21	21	4.14	
334	20-11-6	5-32	14	22	25	14	22	25	4.14	
335	20-11-6	5-43	14	19	22	14	19	22	4.14	
336	20-11-6	5-53	13	21	22	13	21	22	4.14	
337	20-11-6	6-4	14	21	23	14	21	23	4.14	
338	20-11-6	6-14	15	22	23	15	22	23	4.14	
339	20-11-6	6-25	15	22	26	15	22	26	4.14	
340	20-11-6	6-35	17	22	23	17	22	23	4.14	
341	20-11-6	6-46	15	23	25	15	23	25	4.14	
342	20-11-6	6-56	15	25	27	15	25	27	4.14	
343	20-11-6	7-7	18	25	27	18	25	27	4.14	
344	20-11-6	7-17	17	25	27	17	25	27	4.14	
345	20-11-6	7-28	18	26	30	18	26	30	4.14	
346	20-11-6	7-38	15	22	25	15	22	25	4.14	
347	20-11-6	7-49	18	25	26	18	25	26	4.14	
348	20-11-6	7-59	15	23	29	15	23	29	4.14	
349	20-11-6	8-10	21	27	31	21	27	31	4.14	
350	20-11-6	8-20	35	51	57	31	46	57	4.15	
351	20-11-6	8-31	48	69	73	37	56	68	4.14	
352	20-11-6	8-41	50	77	87	38	59	75	4.15	
353	20-11-6	8-52	50	75	89	38	58	76	4.15	
354	20-11-6	9-2	40	60	63	34	51	61	4.14	
355	20-11-6	9-13	63	90	94	43	64	80	4.14	
356	20-11-6	9-23	71	100	106	46	68	85	4.14	
357	20-11-6	9-34	60	87	92	43	63	79	4.14	
358	20-11-6	9-44	59	85	92	42	63	79	4.14	
359	20-11-6	9-55	48	71	73	38	56	68	4.14	
360	20-11-6	10-5	51	73	81	39	57	72	4.14	
361	20-11-6	10-16	44	63	69	36	52	65	4.14	
362	20-11-6	10-26	42	59	64	35	51	61	4.14	
363	20-11-6	10-37	40	55	61	34	48	60	4.14	
364	20-11-6	10-47	38	52	55	32	47	55	4.14	
365	20-11-6	10-58	37	51	54	31	46	54	4.14	
366	20-11-6	11-8	29	41	43	27	39	43	4.14	
367	20-11-6	11-19	30	42	45	29	41	45	4.14	
368	20-11-6	11-29	27	39	42	26	39	42	4.14	
369	20-11-6	11-40	26	35	39	26	35	39	4.14	
370	20-11-6	11-50	31	43	45	29	42	45	4.14	
371	20-11-6	12-1	35	47	50	31	43	50	4.14	
372	20-11-6	12-11	35	51	54	31	46	54	4.14	
373	20-11-6	12-22	38	53	55	33	47	55	4.14	
374	20-11-6	12-32	35	49	50	31	45	50	4.14	
375	20-11-6	12-43	33	45	50	30	42	50	4.14	
376	20-11-6	12-53	35	49	51	31	45	51	4.14	
377	20-11-6	13-4	35	49	54	31	45	54	4.14	
378	20-11-6	13-14	34	47	51	30	43	51	4.14	
379	20-11-6	13-25	38	53	54	33	47	54	4.14	
380	20-11-6	13-35	35	50	53	31	46	53	4.14	
381	20-11-6	13-46	37	47	50	31	43	50	4.14	
382	20-11-6	13-56	31	42	46	29	41	46	4.14	
383	20-11-6	14-7	30	41	46	29	39	46	4.14	
384	20-11-6	14-17	29	39	43	27	39	43	4.14	
385	20-11-6	14-28	27	38	42	26	38	42	4.14	
386	20-11-6	14-38	27	37	39	26	37	39	4.15	
387	20-11-6	14-49	29	41	45	27	39	45	4.14	
388	20-11-6	14-59	27	39	46	26	39	46	4.14	
389	20-11-6	15-10	35	47	48	31	43	48	4.15	
390	20-11-6	15-20	30	43	45	29	42	45	4.15	
391	20-11-6	15-31	31	46	49	29	43	49	4.14	
392	20-11-6	15-41	30	45	49	29	42	49	4.14	
393	20-11-6	15-52	38	51	56	33	46	56	4.14	
394	20-11-6	16-2	37	54	56	31	47	56	4.14	
395	20-11-6	16-13	42	54	61	35	47	60	4.14	
396	20-11-6	16-23	42	61	69	35	52	65	4.14	
397	20-11-6	16-34	44	60	64	36	51	61	4.14	
398	20-11-6	16-44	42	59	68	35	51	64	4.14	
399	20-11-6	16-55	47	65	72	36	54	67	4.14	
400	20-11-6	17-5	46	64	69	36	53	65	4.14	
401	20-11-6	17-16	47	64	71	36	53	65	4.14	
402	20-11-6	17-26	42	59	64	35	51	61	4.14	
403	20-11-6	17-37	49	71	74	38	56	68	4.14	
404	20-11-6	17-47	48	65	71	38	53	65	4.14	
405	20-11-6	17-58	46	64	72	36	53	67	4.14	
406	20-11-6	18-8	48	68	76	38	55	69	4.14	
407	20-11-6	18-19	50	71	75	38	57	69	4.15	
408	20-11-6	18-29	47	68	72	36	55	67	4.14	
409	20-11-6	18-40	53	78	86	40	60	74	4.14	
410	20-11-6	18-50	55	78	86	40	60	74	4.14	
411	20-11-6	19-1	56	77	90	40	59	77	4.14	
412	20-11-6	19-11	59	82	89	41	61	76	4.14	
413	20-11-6	19-22	56	81	88	40	60	75	4.14	
414	20-11-6	19-32	59	83	89	42	61	76	4.14	
415	20-11-6	19-43	61	88	96	42	63	80	4.14	
416	20-11-6	19-53	71	102	108	47	68	86	4.14	
417	20-11-6	20-4	75	106	121	49	70	91	4.14	
418	20-11-6	20-15	68	96	105	45	66	84	4.14	
419	20-11-6	20-25	72	101	111	48	67	86	4.14	
420	20-11-6	20-36	68	100	110	45	67	87	4.14	
421	20-11-6	20-46	71	107	120	46	71	90	4.14	
422	20-11-6	20-57	72	100	110	47	67	86	4.14	
423	20-11-6	21-7	70	105	116	45	68	89	4.14	
424	20-11-6	21-18	69	97	112	45	66	86	4.14	
425	20-11-6	21-28	68	99	109	45	66	86	4.14	
426	20-11-6	21-39	59	83	90	42	61	77	4.14	
427	20-11-6	21-49	63	88	97	43	63	79	4.14	
428	20-11-6	22-0	59	83	90	42	61	77	4.14	
429	20-11-6	22-10	57	84	95	41	61	79	4.14	
430	20-11-6	22-21	56	80	87	41	60	74	4.14	
431	20-11-6	22-31	56	79	88	41	58	75	4.14	
432	20-11-6	22-42	52	79	84	39	59	73	4.14	
433	20-11-6	22-52	58	81	84	41	60	73	4.14	
434	20-11-6	23-3	52	74	75	39	57	68	4.14	
435	20-11-6	23-13	51	72	80	38	56	71	4.14	
436	20-11-6	23-24	50	73	81	38	57	72	4.14	
437	20-11-6	23-34	66	96	109	44	66	85	4.14	
438	20-11-6	23-45	82	116	138	53	77	97	4.14	
439	20-11-6	23-55	84	121	138	55	80	97	4.14	
440	20-11-7	0-6	107	167	191	70	110	126	4.14	
441	20-11-7	0-16	107	160	179	71	106	118	4.15	
442	20-11-7	0-27	106	153	169	70	100	112	4.14	
443	20-11-7	0-37	104	151	170	68	100	113	4.14	
444	20-11-7	0-48	86	125	143	56	82	99	4.14	
445	20-11-7	0-58	86	126	142	56	83	98	4.14	
446	20-11-7	1-9	74	111	127	48	74	93	4.14	
447	20-11-7	1-19	74	104	114	48	68	88	4.14	
448	20-11-7	1-30	123	185	208	81	122	138	4.14	
449	20-11-7	1-40	112	170	195	73	112	130	4.14	
450	20-11-7	1-51	105	160	193	69	106	127	4.14	
451	20-11-7	2-1	93	138	153	61	92	102	4.14	
452	20-11-7	2-12	86	131	152	56	86	102	4.14	
453	20-11-7	2-22	75	113	120	49	74	91	4.14	
454	20-11-7	2-33	71	106	126	46	70	93	4.14	
455	20-11-7	2-43	73	110	120	48	72	92	4.14	
456	20-11-7	2-54	73	103	115	48	69	89	4.14	
457	20-11-7	3-4	69	101	110	45	67	87	4.14	
458	20-11-7	3-15	65	96	105	44	66	85	4.14	
459	20-11-7	3-25	65	93	99	44	65	81	4.14	
460	20-11-7	3-36	66	97	102	44	66	82	4.14	
461	20-11-7	3-46	69	98	103	46	67	84	4.14	
462	20-11-7	3-57	69	102	114	46	68	88	4.14	
463	20-11-7	4-7	67	105	120	44	69	92	4.14	
464	20-11-7	4-18	71	105	118	46	69	90	4.14	
465	20-11-7	4-28	70	103	110	45	69	86	4.14	
466	20-11-7	4-39	74	108	119	48	72	90	4.14	
467	20-11-7	4-49	80	117	126	52	77	93	4.14	
468	20-11-7	5-0	81	121	128	53	80	94	4.14	
469	20-11-7	5-10	80	119	127	52	78	94	4.14	
470	20-11-7	5-21	82	119	136	53	78	97	4.14	
471	20-11-7	5-31	80	120	132	52	80	95	4.14	
472	20-11-7	5-42	81	122	137	54	80	97	4.14	
473	20-11-7	5-52	86	130	145	56	85	101	4.14	
474	20-11-7	6-3	85	127	140	56	83	98	4.14	
475	20-11-7	6-13	88	130	149	58	85	101	4.14	
476	20-11-7	6-24	85	128	141	56	85	99	4.14	
477	20-11-7	6-34	85	126	147	56	82	101	4.14	
478	20-11-7	6-45	88	127	145	57	84	101	4.14	
479	20-11-7	6-55	93	141	158	62	93	105	4.14	
480	20-11-7	7-6	89	132	148	59	87	101	4.14	
481	20-11-7	7-16	89	132	146	59	87	100	4.14	
482	20-11-7	7-27	85	128	140	56	85	98	4.14	
483	20-11-7	7-37	95	146	163	62	96	108	4.14	
484	20-11-7	7-48	84	124	138	55	82	98	4.14	
485	20-11-7	7-58	95	136	161	62	90	106	4.14	
486	20-11-7	8-9	115	176	192	76	117	127	4.14	
487	20-11-7	8-19	111	164	183	73	108	120	4.14	
488	20-11-7	8-30	106	153	169	69	99	112	4.14	
489	20-11-7	8-40	97	144	163	64	95	108	4.14	
490	20-11-7	8-51	95	142	155	62	94	104	4.14	
491	20-11-7	9-1	90	134	150	59	88	102	4.14	
492	20-11-7	9-12	85	123	133	56	81	96	4.14	
493	20-11-7	9-22	87	135	142	57	89	99	4.14	
494	20-11-7	9-33	87	129	150	56	85	102	4.14	
495	20-11-7	9-43	83	122	133	54	80	96	4.14	
496	20-11-7	9-54	82	123	132	54	81	97	4.14	
497	20-11-7	10-4	80	117	125	52	77	93	4.14	
498	20-11-7	10-15	78	120	139	51	79	99	4.14	
499	20-11-7	10-25	72	109	121	47	72	92	4.14	
500	20-11-7	10-36	75	109	119	48	72	90	4.14	
501	20-11-7	10-46	68	101	117	46	68	89	4.14	
502	20-11-7	10-57	70	106	115	46	70	88	4.14	
503	20-11-7	11-7	64	97	106	44	67	85	4.14	
504	20-11-7	11-18	63	94	108	43	66	86	4.14	
505	20-11-7	11-28	60	92	103	43	66	83	4.14	
506	20-11-7	11-39	58	84	93	41	62	79	4.14	
507	20-11-7	11-49	59	88	101	42	63	83	4.14	
508	20-11-7	12-0	62	91	103	43	64	83	4.14	
509	20-11-7	12-10	61	89	96	43	64	80	4.14	
510	20-11-7	12-21	59	90	100	42	64	81	4.14	
511	20-11-7	12-31	55	86	95	40	63	80	4.14	
512	20-11-7	12-42	59	89	93	42	64	78	4.14	
513	20-11-7	12-52	59	88	102	42	63	83	4.14	
514	20-11-7	13-3	56	89	102	40	64	82	4.14	
515	20-11-7	13-13	52	80	86	39	60	74	4.14	
516	20-11-7	13-24	49	75	86	37	58	74	4.14	
517	20-11-7	13-34	97	142	154	63	94	102	4.14	
518	20-11-7	13-45	143	210	248	95	139	164	4.14	
519	20-11-7	13-55	150	221	259	99	147	172	4.14	
520	20-11-7	14-6	156	239	270	102	158	179	4.14	
521	20-11-7	14-16	129	204	236	85	135	157	4.14	
522	20-11-7	14-27	104	159	175	68	105	116	4.14	
523	20-11-7	14-37	81	119	140	53	79	98	4.14	
524	20-11-7	14-48	68	102	116	45	68	89	4.14	
525	20-11-7	14-58	62	92	96	42	65	80	4.14	
526	20-11-7	15-9	58	85	92	41	62	78	4.14	
527	20-11-7	15-19	63	96	105	44	66	84	4.14	
528	20-11-7	15-30	95	143	156	63	94	103	4.14	
529	20-11-7	15-40	86	134	152	56	89	102	4.14	
530	20-11-7	15-51	123	196	221	80	129	147	4.14	
531	20-11-7	16-1	148	229	262	97	152	174	4.14	
532	20-11-7	16-12	127	191	216	84	126	143	4.14	
533	20-11-7	16-22	111	163	180	74	108	119	4.14	
534	20-11-7	16-33	92	138	152	60	89	102	4.14	
535	20-11-7	16-43	65	94	98	44	66	80	4.14	
536	20-11-7	16-54	63	96	106	44	66	84	4.14	
537	20-11-7	17-5	71	110	123	46	73	92	4.14	
538	20-11-7	17-15	66	97	113	44	66	87	4.14	
539	20-11-7	17-26	67	96	105	45	66	84	4.14	
540	20-11-7	17-36	66	96	109	44	66	85	4.14	
541	20-11-7	17-47	67	94	102	45	66	83	4.14	
542	20-11-7	17-57	80	117	130	53	76	95	4.14	
543	20-11-7	18-8	77	116	127	50	76	93	4.14	
544	20-11-7	18-18	91	140	167	59	92	110	4.14	
545	20-11-7	18-29	90	133	153	59	88	102	4.14	
546	20-11-7	18-39	85	126	134	55	83	96	4.14	
547	20-11-7	18-50	81	121	142	52	79	99	4.14	
548	20-11-7	19-0	80	116	126	53	76	93	4.14	
549	20-11-7	19-11	78	117	130	51	77	94	4.14	
550	20-11-7	19-21	77	114	126	50	76	92	4.14	
551	20-11-7	19-32	76	111	130	50	73	94	4.14	
552	20-11-7	19-42	72	105	118	47	69	90	4.14	
553	20-11-7	19-53	73	111	127	47	73	92	4.14	
554	20-11-7	20-3	75	110	124	49	72	91	4.14	
555	20-11-7	20-14	75	110	126	49	72	91	4.14	
556	20-11-7	20-24	71	104	117	46	68	88	4.14	
557	20-11-7	20-35	69	106	118	45	69	88	4.14	
558	20-11-7	20-45	72	106	123	46	69	91	4.14	
559	20-11-7	20-56	67	98	106	44	65	83	4.14	
560	20-11-7	21-6	116	183	212	76	121	141	4.14	
561	20-11-7	21-17	121	188	207	79	124	137	4.14	
562	20-11-7	21-27	123	189	215	82	124	142	4.14	
563	20-11-7	21-38	113	178	202	74	117	134	4.14	
564	20-11-7	21-48	102	156	166	67	102	110	4.14	
565	20-11-7	21-59	99	149	169	65	98	112	4.14	
566	20-11-7	22-9	95	144	163	63	95	108	4.14	
567	20-11-7	22-20	91	138	156	59	91	103	4.14	
568	20-11-7	22-30	91	140	156	60	92	103	4.14	
569	20-11-7	22-41	85	130	147	56	85	99	4.14	
570	20-11-7	22-51	83	124	145	55	82	99	4.14	
571	20-11-7	23-2	81	121	140	52	79	97	4.14	
572	20-11-7	23-12	76	114	125	50	76	92	4.14	
573	20-11-7	23-23	72	108	118	46	72	88	4.14	
574	20-11-7	23-33	74	115	135	48	75	96	4.14	
575	20-11-7	23-44	114	181	206	75	119	135	4.14	
576	20-11-7	23-54	129	203	244	85	134	161	4.14	
577	20-11-8	0-5	134	207	237	89	137	157	4.14	
578	20-11-8	0-15	118	182	200	77	121	132	4.14	
579	20-11-8	0-26	80	126	142	53	84	98	4.14	
580	20-11-8	0-36	81	131	146	53	86	99	4.14	
581	20-11-8	0-47	72	109	140	48	71	98	4.14	
582	20-11-8	0-57	75	121	130	49	79	95	4.14	
583	20-11-8	1-8	70	108	131	45	71	94	4.14	
584	20-11-8	1-18	73	112	128	48	74	94	4.14	
585	20-11-8	1-29	70	108	117	45	71	90	4.14	
586	20-11-8	1-39	70	110	127	46	73	92	4.14	
587	20-11-8	1-50	66	105	125	44	69	92	4.14	
588	20-11-8	2-0	66	101	120	44	67	91	4.14	
589	20-11-8	2-11	66	103	118	44	69	90	4.14	
590	20-11-8	2-21	64	110	124	44	72	93	4.14	
591	20-11-8	2-32	70	112	127	45	74	94	4.14	
592	20-11-8	2-42	65	98	112	44	66	87	4.14	
593	20-11-8	2-53	64	101	117	43	68	88	4.14	
594	20-11-8	3-3	69	113	134	45	74	96	4.14	
595	20-11-8	3-14	74	113	132	48	74	95	4.14	
596	20-11-8	3-24	66	106	129	44	69	94	4.14	
597	20-11-8	3-35	69	116	129	45	77	94	4.14	
598	20-11-8	3-45	74	117	128	48	77	94	4.14	
599	20-11-8	3-56	73	120	138	48	80	98	4.14	
600	20-11-8	4-6	69	113	126	46	74	93	4.14	
601	20-11-8	4-17	77	120	136	51	80	97	4.14	
602	20-11-8	4-27	73	118	140	48	77	98	4.14	
603	20-11-8	4-38	78	127	139	51	84	98	4.14	
604	20-11-8	4-48	76	122	132	49	80	95	4.14	
605	20-11-8	4-59	77	128	144	51	85	99	4.14	
606	20-11-8	5-9	81	130	147	53	85	101	4.14	
607	20-11-8	5-20	82	130	149	53	85	102	4.14	
608	20-11-8	5-30	78	127	145	51	84	101	4.14	
609	20-11-8	5-41	87	140	158	57	93	104	4.14	
610	20-11-8	5-51	88	143	164	58	95	108	4.14	
611	20-11-8	6-2	88	142	158	58	93	105	4.14	
612	20-11-8	6-12	93	153	176	61	101	117	4.14	
613	20-11-8	6-23	90	150	172	58	99	113	4.14	
614	20-11-8	6-33	96	152	173	63	100	113	4.14	
615	20-11-8	6-44	98	158	180	65	105	119	4.14	
616	20-11-8	6-54	90	153	174	59	101	115	4.14	
617	20-11-8	7-5	94	157	182	62	104	121	4.14	
618	20-11-8	7-15	98	160	195	65	105	128	4.14	
619	20-11-8	7-26	91	155	190	60	103	126	4.14	
620	20-11-8	7-36	91	148	176	60	97	116	4.14	
621	20-11-8	7-47	86	146	164	56	96	108	4.14	
622	20-11-8	7-57	88	151	173	58	100	114	4.14	
623	20-11-8	8-8	85	134	157	56	88	105	4.14	
624	20-11-8	8-18	79	129	146	52	85	100	4.14	
625	20-11-8	8-29	77	128	147	51	85	101	4.14	
626	20-11-8	8-39	76	123	147	49	81	101	4.14	
627	20-11-8	8-50	72	114	134	47	74	95	4.14	
628	20-11-8	9-0	69	108	122	45	71	91	4.14	
629	20-11-8	9-11	66	105	117	44	69	90	4.14	
630	20-11-8	9-21	61	96	102	43	66	82	4.14	
631	20-11-8	9-32	65	102	111	44	68	87	4.14	
632	20-11-8	9-42	60	96	111	43	66	87	4.14	
633	20-11-8	9-53	51	79	83	39	60	73	4.14	
634	20-11-8	10-3	44	69	75	36	56	69	4.14	
635	20-11-8	10-14	36	60	64	31	51	61	4.14	
636	20-11-8	10-24	34	53	56	30	47	56	4.14	
637	20-11-8	10-35	34	51	55	30	45	55	4.14	
638	20-11-8	10-45	26	40	44	26	39	44	4.14	
639	20-11-8	10-56	22	35	36	22	35	36	4.14	
640	20-11-8	11-6	20	31	34	20	31	34	4.14	
641	20-11-8	11-17	18	24	28	18	24	28	4.14	
642	20-11-8	11-27	17	23	24	17	23	24	4.14	
643	20-11-8	11-38	14	22	23	14	22	23	4.14	
644	20-11-8	11-48	11	17	18	11	17	18	4.14	
645	20-11-8	11-59	11	14	17	11	14	17	4.14	
646	20-11-8	12-9	11	17	19	11	17	19	4.14	
647	20-11-8	12-20	11	17	17	11	17	17	4.14	
648	20-11-8	12-30	10	15	15	10	15	15	4.14	
649	20-11-8	12-41	11	15	18	11	15	18	4.14	
650	20-11-8	12-51	10	18	21	10	18	21	4.14	
651	20-11-8	13-2	11	19	19	11	19	19	4.14	
652	20-11-8	13-13	11	18	21	11	18	21	4.14	
653	20-11-8	13-23	11	18	18	11	18	18	4.14	
654	20-11-8	13-34	15	24	28	15	24	28	4.14	
655	20-11-8	13-44	15	22	24	15	22	24	4.14	
656	20-11-8	13-55	15	24	28	15	24	28	4.14	
657	20-11-8	14-5	15	23	26	15	23	26	4.14	
658	20-11-8	14-16	11	18	20	11	18	20	4.14	
659	20-11-8	14-26	14	22	23	14	22	23	4.14	
660	20-11-8	14-37	17	24	27	17	24	27	4.14	
661	20-11-8	14-47	18	26	26	18	26	26	4.14	
662	20-11-8	14-58	17	23	24	17	23	24	4.14	
663	20-11-8	15-8	11	18	19	11	18	19	4.14	
664	20-11-8	15-19	13	17	19	13	17	19	4.14	
665	20-11-8	15-29	72	103	111	47	69	88	4.14	
666	20-11-8	15-40	72	102	119	47	68	90	4.14	
667	20-11-8	15-50	157	221	233	103	146	154	4.14	
668	20-11-8	16-1	100	140	152	66	92	102	4.14	
669	20-11-8	16-11	78	107	119	51	71	90	4.14	
670	20-11-8	16-22	49	66	70	37	54	65	4.14	
671	20-11-8	16-32	31	43	47	28	42	47	4.14	
672	20-11-8	16-43	30	39	43	28	39	43	4.14	
673	20-11-8	16-53	7	13	13	7	13	13	4.14	
674	20-11-8	17-4	7	11	13	7	11	13	4.14	
675	20-11-8	17-14	99	155	178	64	103	117	4.14	
676	20-11-8	17-25	110	175	196	72	116	130	4.14	
677	20-11-8	17-35	88	142	169	58	93	112	4.14	
678	20-11-8	17-46	78	118	135	51	77	97	4.14	
679	20-11-8	17-56	59	86	93	42	63	78	4.14	
680	20-11-8	18-7	77	119	138	51	78	98	4.14	
681	20-11-8	18-17	98	161	187	65	106	123	4.14	
682	20-11-8	18-28	113	182	214	74	121	141	4.14	
683	20-11-8	18-38	126	203	234	83	134	155	4.14	
684	20-11-8	18-49	96	144	167	63	95	110	4.14	
685	20-11-8	18-59	110	169	186	72	112	122	4.14	
686	20-11-8	19-10	98	148	173	64	98	114	4.14	
687	20-11-8	19-20	107	163	179	71	107	118	4.14	
688	20-11-8	19-31	107	165	190	71	110	120	4.14	
689	20-11-8	19-41	101	153	176	67	101	117	4.14	
690	20-11-8	19-52	90	134	151	59	89	102	4.14	
691	20-11-8	20-2	85	128	141	56	85	99	4.14	
692	20-11-8	20-13	72	111	118	48	74	89	4.14	
693	20-11-8	20-23	75	108	117	49	71	89	4.14	
694	20-11-8	20-34	59	91	109	42	65	85	4.14	
695	20-11-8	20-44	20	32	36	20	32	36	4.14	
696	20-11-8	20-55	10	17	20	10	17	20	4.14	
697	20-11-8	21-5	9	15	16	9	15	16	4.14	
698	20-11-8	21-16	9	15	15	9	15	15	4.14	
699	20-11-8	21-26	9	14	14	9	14	14	4.14	
700	20-11-8	21-37	25	37	37	25	37	37	4.14	
701	20-11-8	21-47	58	84	92	42	61	77	4.14	
702	20-11-8	21-58	65	95	103	43	65	82	4.14	
703	20-11-8	22-8	54	80	91	39	59	77	4.14	
704	20-11-8	22-19	40	59	65	34	50	61	4.14	
705	20-11-8	22-29	34	50	55	30	45	55	4.14	
706	20-11-8	22-40	25	36	41	25	36	41	4.14	
707	20-11-8	22-50	88	135	161	58	89	107	4.14	
708	20-11-8	23-1	95	140	169	63	92	112	4.14	
709	20-11-8	23-11	128	200	227	84	133	150	4.14	
710	20-11-8	23-22	118	178	198	78	118	130	4.14	
711	20-11-8	23-32	97	147	166	63	97	109	4.14	
712	20-11-8	23-43	76	114	142	50	75	96	4.14	
713	20-11-8	23-53	62	91	102	43	63	82	4.14	
714	20-11-9	0-4	43	63	68	35	52	63	4.14	
715	20-11-9	0-14	27	37	41	26	37	41	4.14	
716	20-11-9	0-25	96	139	145	63	92	98	4.14	
717	20-11-9	0-35	97	144	161	63	95	106	4.14	
718	20-11-9	0-46	71	100	110	47	67	85	4.14	
719	20-11-9	0-56	130	194	221	85	129	147	4.14	
720	20-11-9	1-7	91	138	161	59	91	106	4.14	
721	20-11-9	1-17	74	106	110	48	70	86	4.14	
722	20-11-9	1-28	51	77	83	38	59	73	4.14	
723	20-11-9	1-38	33	45	51	29	42	51	4.14	
724	20-11-9	1-49	23	32	36	23	32	36	4.14	
725	20-11-9	1-59	18	27	27	18	27	27	4.14	
726	20-11-9	2-10	12	16	18	12	16	18	4.14	
727	20-11-9	2-20	11	15	16	11	15	16	4.14	
728	20-11-9	2-31	9	12	12	9	12	12	4.14	
729	20-11-9	2-41	27	38	44	25	38	44	4.14	
730	20-11-9	2-52	109	166	187	71	110	123	4.14	
731	20-11-9	3-2	75	116	134	49	76	95	4.14	
732	20-11-9	3-13	50	73	81	38	57	72	4.14	
733	20-11-9	3-23	32	45	49	29	42	49	4.14	
734	20-11-9	3-34	24	36	42	24	36	42	4.14	
735	20-11-9	3-44	16	23	25	16	23	25	4.14	
736	20-11-9	3-55	11	16	18	11	16	18	4.14	
737	20-11-9	4-5	9	12	14	9	12	14	4.14	
738	20-11-9	4-16	6	9	11	6	9	11	4.14	
739	20-11-9	4-26	6	9	10	6	9	10	4.14	
740	20-11-9	4-37	3	6	9	3	6	9	4.14	
741	20-11-9	4-47	2	5	5	2	5	5	4.14	
742	20-11-9	4-58	3	5	5	3	5	5	4.14	
743	20-11-9	5-8	3	5	5	3	5	5	4.14	
744	20-11-9	5-19	2	3	3	2	3	3	4.14	
745	20-11-9	5-29	3	5	6	3	5	6	4.14	
746	20-11-9	5-40	3	5	5	3	5	5	4.14	
747	20-11-9	5-50	3	5	6	3	5	6	4.14	
748	20-11-9	6-1	3	5	5	3	5	5	4.14	
749	20-11-9	6-11	3	5	6	3	5	6	4.14	
750	20-11-9	6-22	3	5	6	3	5	6	4.14	
751	20-11-9	6-32	2	3	5	2	3	5	4.14	
752	20-11-9	6-43	3	5	5	3	5	5	4.14	
753	20-11-9	6-53	3	5	5	3	5	5	4.14	
754	20-11-9	7-4	3	6	6	3	6	6	4.14	
755	20-11-9	7-14	2	3	5	2	3	5	4.14	
756	20-11-9	7-25	3	5	5	3	5	5	4.14	
757	20-11-9	7-35	3	5	7	3	5	7	4.14	
758	20-11-9	7-46	3	6	6	3	6	6	4.14	
759	20-11-9	7-56	3	7	7	3	7	7	4.14	
760	20-11-9	8-7	3	7	7	3	7	7	4.14	
761	20-11-9	8-17	5	9	9	5	9	9	4.14	
762	20-11-9	8-28	5	7	7	5	7	7	4.14	
763	20-11-9	8-38	5	7	10	5	7	10	4.14	
764	20-11-9	8-49	5	7	7	5	7	7	4.14	
765	20-11-9	8-59	6	9	10	6	9	10	4.14	
766	20-11-9	9-10	5	9	10	5	9	10	4.14	
767	20-11-9	9-20	5	6	6	5	6	6	4.14	
768	20-11-9	9-31	6	10	10	6	10	10	4.14	
769	20-11-9	9-42	6	9	9	6	9	9	4.14	
770	20-11-9	9-52	9	13	13	9	13	13	4.14	
771	20-11-9	10-3	9	13	13	9	13	13	4.14	
772	20-11-9	10-13	7	11	11	7	11	11	4.14	
773	20-11-9	10-24	9	11	13	9	11	13	4.14	
774	20-11-9	10-34	7	10	10	7	10	10	4.14	
775	20-11-9	10-45	9	13	13	9	13	13	4.14	
776	20-11-9	10-55	7	13	14	7	13	14	4.14	
777	20-11-9	11-6	7	10	10	7	10	10	4.14	
778	20-11-9	11-16	9	14	14	9	14	14	4.14	
779	20-11-9	11-27	11	17	17	11	17	17	4.14	
780	20-11-9	11-37	10	14	15	10	14	15	4.14	
781	20-11-9	11-48	10	14	15	10	14	15	4.14	
782	20-11-9	11-58	9	13	14	9	13	14	4.14	
783	20-11-9	12-9	11	17	17	11	17	17	4.14	
784	20-11-9	12-19	13	19	23	13	19	23	4.14	
785	20-11-9	12-30	27	41	44	26	40	44	4.14	
786	20-11-9	12-40	46	66	72	36	54	67	4.14	
787	20-11-9	12-51	66	91	100	44	65	81	4.14	
788	20-11-9	13-1	89	126	140	58	83	98	4.14	
789	20-11-9	13-12	98	139	149	64	91	100	4.14	
790	20-11-9	13-22	108	149	160	71	99	105	4.14	
791	20-11-9	13-33	104	149	160	68	99	105	4.14	
792	20-11-9	13-43	102	142	161	67	94	107	4.14	
793	20-11-9	13-54	115	167	182	75	110	121	4.14	
794	20-11-9	14-4	98	135	147	64	89	100	4.14	
795	20-11-9	14-15	83	120	133	55	80	95	4.14	
796	20-11-9	14-25	75	108	119	49	71	91	4.14	
797	20-11-9	14-36	71	99	104	47	68	83	4.14	
798	20-11-9	14-46	40	57	62	34	49	61	4.14	
799	20-11-9	14-57	36	52	55	31	46	55	4.14	
800	20-11-9	15-7	32	48	53	30	44	53	4.14	
801	20-11-9	15-18	20	28	28	20	28	28	4.14	
802	20-11-9	15-28	18	23	26	18	23	26	4.14	
803	20-11-9	15-39	20	27	28	20	27	28	4.14	
804	20-11-9	15-49	16	23	24	16	23	24	4.14	
805	20-11-9	16-0	20	27	28	20	27	28	4.14	
806	20-11-9	16-10	26	36	38	26	36	38	4.14	
807	20-11-9	16-21	34	47	53	30	43	53	4.14	
808	20-11-9	16-31	20	28	31	20	28	31	4.14	
809	20-11-9	16-42	16	22	22	16	22	22	4.14	
810	20-11-9	16-52	56	82	87	40	61	75	4.14	
811	20-11-9	17-3	26	36	40	26	36	40	4.14	
812	20-11-9	17-13	23	31	33	23	31	33	4.14	
813	20-11-9	17-24	16	22	24	16	22	24	4.14	
814	20-11-9	17-34	17	22	22	17	22	22	4.14	
815	20-11-9	17-45	15	22	22	15	22	22	4.14	
816	20-11-9	17-55	15	19	21	15	19	21	4.14	
817	20-11-9	18-6	14	21	22	14	21	22	4.14	
818	20-11-9	18-16	13	18	21	13	18	21	4.14	
819	20-11-9	18-27	15	19	19	15	19	19	4.14	
820	20-11-9	18-37	15	22	23	15	22	23	4.14	
821	20-11-9	18-48	15	21	21	15	21	21	4.14	
822	20-11-9	18-58	14	19	21	14	19	21	4.14	
823	20-11-9	19-9	14	21	22	14	21	22	4.14	
824	20-11-9	19-19	15	21	23	15	21	23	4.14	
825	20-11-9	19-30	13	17	18	13	17	18	4.14	
826	20-11-9	19-40	14	19	22	14	19	22	4.14	
827	20-11-9	19-51	17	23	25	17	23	25	4.14	
828	20-11-9	20-1	16	22	25	16	22	25	4.14	
829	20-11-9	20-12	17	22	24	17	22	24	4.14	
830	20-11-9	20-22	14	20	21	14	20	21	4.14	
831	20-11-9	20-33	17	21	22	17	21	22	4.14	
832	20-11-9	20-43	13	20	21	13	20	21	4.14	
833	20-11-9	20-54	13	16	17	13	16	17	4.14	
834	20-11-9	21-4	13	20	21	13	20	21	4.14	
835	20-11-9	21-15	152	241	266	100	159	176	4.14	
836	20-11-9	21-25	155	242	269	102	161	178	4.14	
837	20-11-9	21-36	90	136	154	60	89	104	4.14	
838	20-11-9	21-46	152	232	253	101	155	170	4.14	
839	20-11-9	21-57	159	253	289	104	168	192	4.14	
840	20-11-9	22-7	182	284	328	120	188	218	4.14	
841	20-11-9	22-18	115	177	202	75	117	133	4.14	
842	20-11-9	22-28	166	262	301	110	174	200	4.14	
843	20-11-9	22-39	137	205	235	90	135	156	4.14	
844	20-11-9	22-49	100	150	169	66	100	111	4.14	
845	20-11-9	23-0	73	106	120	48	70	90	4.14	
846	20-11-9	23-10	48	73	79	37	56	70	4.14	
847	20-11-9	23-21	37	51	55	32	46	55	4.14	
848	20-11-9	23-31	28	38	41	27	38	41	4.14	
849	20-11-9	23-42	108	154	167	71	102	111	4.14	
850	20-11-9	23-52	83	117	124	55	77	92	4.14	
851	20-11-10	0-3	126	191	210	83	126	139	4.14	
852	20-11-10	0-13	105	156	174	69	103	116	4.14	
853	20-11-10	0-24	82	124	143	53	82	99	4.14	
854	20-11-10	0-34	58	83	91	41	61	78	4.14	
855	20-11-10	0-45	50	73	83	39	57	73	4.14	
856	20-11-10	0-55	39	53	61	33	46	59	4.14	
857	20-11-10	1-6	32	41	45	30	40	45	4.14	
858	20-11-10	1-16	26	35	39	26	35	39	4.14	
859	20-11-10	1-27	22	31	32	22	31	32	4.14	
860	20-11-10	1-37	20	27	31	20	27	31	4.14	
861	20-11-10	1-48	19	28	30	19	28	30	4.14	
862	20-11-10	1-58	15	22	24	15	22	24	4.14	
863	20-11-10	2-9	17	22	22	17	22	22	4.14	
864	20-11-10	2-19	15	20	22	15	20	22	4.14	
865	20-11-10	2-30	15	20	20	15	20	20	4.14	
866	20-11-10	2-40	15	22	23	15	22	23	4.14	
867	20-11-10	2-51	14	19	20	14	19	20	4.14	
868	20-11-10	3-1	15	21	23	15	21	23	4.14	
869	20-11-10	3-12	37	52	54	32	47	54	4.14	
870	20-11-10	3-22	32	44	44	30	42	44	4.14	
871	20-11-10	3-33	26	35	35	26	35	35	4.14	
872	20-11-10	3-43	20	28	30	20	28	30	4.14	
873	20-11-10	3-54	21	27	27	21	27	27	4.14	
874	20-11-10	4-4	19	24	26	19	24	26	4.14	
875	20-11-10	4-15	17	23	24	17	23	24	4.14	
876	20-11-10	4-25	14	18	19	14	18	19	4.14	
877	20-11-10	4-36	15	22	24	15	22	24	4.14	
878	20-11-10	4-46	14	18	18	14	18	18	4.14	
879	20-11-10	4-57	15	21	22	15	21	22	4.14	
880	20-11-10	5-8	15	21	23	15	21	23	4.14	
881	20-11-10	5-18	15	19	21	15	19	21	4.14	
882	20-11-10	5-29	17	21	21	17	21	21	4.14	
883	20-11-10	5-39	17	22	22	17	22	22	4.14	
884	20-11-10	5-50	15	19	21	15	19	21	4.14	
885	20-11-10	6-0	14	18	21	14	18	21	4.14	
886	20-11-10	6-11	17	22	26	17	22	26	4.14	
887	20-11-10	6-21	15	21	22	15	21	22	4.14	
888	20-11-10	6-32	17	23	26	17	23	26	4.14	
889	20-11-10	6-42	15	21	22	15	21	22	4.14	
890	20-11-10	6-53	17	21	23	17	21	23	4.14	
891	20-11-10	7-3	15	21	22	15	21	22	4.14	
892	20-11-10	7-14	18	23	24	18	23	24	4.14	
893	20-11-10	7-24	19	26	27	19	26	27	4.14	
894	20-11-10	7-35	21	27	27	21	27	27	4.14	
895	20-11-10	7-45	19	24	24	19	24	24	4.14	
896	20-11-10	7-56	95	140	163	62	92	108	4.14	
897	20-11-10	8-6	72	103	115	47	69	89	4.14	
898	20-11-10	8-17	58	84	89	42	61	76	4.14	
899	20-11-10	8-27	47	68	78	36	55	70	4.14	
900	20-11-10	8-38	42	62	67	35	52	64	4.14	
901	20-11-10	8-48	36	51	53	31	46	53	4.14	
902	20-11-10	8-59	36	52	55	31	47	55	4.14	
903	20-11-10	9-9	28	40	44	27	39	44	4.14	
904	20-11-10	9-20	27	40	44	26	39	44	4.14	
905	20-11-10	9-30	25	34	38	25	34	38	4.14	
906	20-11-10	9-41	25	35	42	25	35	42	4.14	
907	20-11-10	9-51	21	29	34	21	29	34	4.14	
908	20-11-10	10-2	22	29	31	22	29	31	4.14	
909	20-11-10	10-12	18	27	30	18	27	30	4.14	
910	20-11-10	10-23	17	25	29	17	25	29	4.14	
911	20-11-10	10-33	18	23	26	18	23	26	4.14	
912	20-11-10	10-44	17	23	26	17	23	26	4.14	
913	20-11-10	10-54	15	22	23	15	22	23	4.14	
914	20-11-10	11-5	15	19	22	15	19	22	4.14	
915	20-11-10	11-15	14	21	22	14	21	22	4.14	
916	20-11-10	11-26	17	25	26	17	25	26	4.14	
917	20-11-10	11-36	14	18	19	14	18	19	4.14	
918	20-11-10	11-47	15	22	25	15	22	25	4.14	
919	20-11-10	11-57	38	54	59	33	47	59	4.14	
920	20-11-10	12-8	27	41	45	26	39	45	4.14	
921	20-11-10	12-18	50	74	75	38	58	69	4.14	
922	20-11-10	12-29	47	64	69	36	53	65	4.14	
923	20-11-10	12-39	39	56	61	34	50	60	4.14	
924	20-11-10	12-50	34	46	52	30	43	52	4.14	
925	20-11-10	13-0	27	38	39	26	38	39	4.14	
926	20-11-10	13-11	26	34	35	26	34	35	4.14	
927	20-11-10	13-21	23	31	34	23	31	34	4.14	
928	20-11-10	13-32	22	31	34	22	31	34	4.14	
929	20-11-10	13-42	26	34	36	26	34	36	4.14	
930	20-11-10	13-53	22	30	35	22	30	35	4.14	
931	20-11-10	14-3	18	23	26	18	23	26	4.14	
932	20-11-10	14-14	15	21	21	15	21	21	4.14	
933	20-11-10	14-24	14	18	22	14	18	22	4.14	
934	20-11-10	14-35	13	18	21	13	18	21	4.14	
935	20-11-10	14-45	14	18	19	14	18	19	4.14	
936	20-11-10	14-56	13	17	18	13	17	18	4.14	
937	20-11-10	15-6	11	15	15	11	15	15	4.14	
938	20-11-10	15-17	11	17	17	11	17	17	4.14	
939	20-11-10	15-27	9	13	13	9	13	13	4.14	
940	20-11-10	15-38	9	14	14	9	14	14	4.14	
941	20-11-10	15-48	9	13	13	9	13	13	4.14	
942	20-11-10	15-59	7	10	10	7	10	10	4.14	
943	20-11-10	16-9	9	11	13	9	11	13	4.14	
944	20-11-10	16-20	7	10	11	7	10	11	4.14	
945	20-11-10	16-30	9	11	13	9	11	13	4.14	
946	20-11-10	16-41	9	13	13	9	13	13	4.14	
947	20-11-10	16-51	7	10	13	7	10	13	4.14	
948	20-11-10	17-2	9	11	13	9	11	13	4.14	
949	20-11-10	17-12	9	11	11	9	11	11	4.14	
950	20-11-10	17-23	9	13	13	9	13	13	4.14	
951	20-11-10	17-33	9	13	13	9	13	13	4.14	
952	20-11-10	17-44	9	11	11	9	11	11	4.14	
953	20-11-10	17-54	7	10	10	7	10	10	4.14	
954	20-11-10	18-5	7	11	14	7	11	14	4.14	
955	20-11-10	18-15	6	9	9	6	9	9	4.14	
956	20-11-10	18-26	7	10	10	7	10	10	4.14	
957	20-11-10	18-36	7	10	10	7	10	10	4.14	
958	20-11-10	18-47	6	9	10	6	9	10	4.14	
959	20-11-10	18-57	53	74	75	39	58	69	4.14	
960	20-11-10	19-8	28	36	40	26	36	40	4.14	
961	20-11-10	19-18	24	32	34	24	32	34	4.14	
962	20-11-10	19-29	26	35	35	26	35	35	4.14	
963	20-11-10	19-39	27	34	35	26	34	35	4.14	
964	20-11-10	19-50	22	30	33	22	30	33	4.14	
965	20-11-10	20-0	18	22	23	18	22	23	4.14	
966	20-11-10	20-11	17	22	23	17	22	23	4.14	
967	20-11-10	20-21	11	15	17	11	15	17	4.14	
968	20-11-10	20-32	42	60	64	35	51	62	4.14	
969	20-11-10	20-42	81	125	138	54	83	99	4.14	
970	20-11-10	20-53	69	102	116	46	69	90	4.14	
971	20-11-10	21-3	97	147	164	64	97	109	4.14	
972	20-11-10	21-14	87	125	138	56	83	98	4.14	
973	20-11-10	21-24	61	90	99	43	65	82	4.14	
974	20-11-10	21-35	47	71	77	36	56	69	4.14	
975	20-11-10	21-45	37	53	55	31	47	55	4.14	
976	20-11-10	21-56	23	33	38	23	33	38	4.14	
977	20-11-10	22-6	89	127	145	59	84	101	4.14	
978	20-11-10	22-17	69	98	109	46	67	87	4.14	
979	20-11-10	22-27	46	73	75	36	57	69	4.14	
980	20-11-10	22-38	39	56	60	33	49	58	4.14	
981	20-11-10	22-48	59	94	110	41	65	86	4.14	
982	20-11-10	22-59	83	128	156	54	84	104	4.14	
983	20-11-10	23-9	52	80	87	39	59	75	4.14	
984	20-11-10	23-20	94	148	166	61	97	109	4.14	
985	20-11-10	23-30	101	150	168	66	98	111	4.14	
986	20-11-10	23-41	150	225	249	99	149	164	4.14	
987	20-11-10	23-51	117	171	192	76	113	127	4.14	
988	20-11-11	0-2	77	115	128	50	76	93	4.14	
989	20-11-11	0-12	57	83	92	41	61	78	4.14	
990	20-11-11	0-23	36	50	62	31	45	61	4.14	
991	20-11-11	0-33	103	148	161	66	98	107	4.14	
992	20-11-11	0-44	81	120	135	53	80	97	4.14	
993	20-11-11	0-55	48	72	78	38	57	71	4.14	
994	20-11-11	1-5	35	49	53	31	46	53	4.14	
995	20-11-11	1-16	24	32	34	24	32	34	4.14	
996	20-11-11	1-26	18	24	26	18	24	26	4.14	
997	20-11-11	1-37	13	17	18	13	17	18	4.14	
998	20-11-11	1-47	11	14	15	11	14	15	4.14	
999	20-11-11	1-58	10	14	14	10	14	14	4.14	
1000	20-11-11	2-8	10	15	17	10	15	17	4.14	
1001	20-11-11	2-19	9	14	15	9	14	15	4.14	
1002	20-11-11	2-29	9	13	13	9	13	13	4.14	
1003	20-11-11	2-40	6	10	10	6	10	10	4.14	
1004	20-11-11	2-50	10	13	14	10	13	14	4.14	
1005	20-11-11	3-1	7	11	11	7	11	11	4.14	
1006	20-11-11	3-11	7	10	11	7	10	11	4.14	
1007	20-11-11	3-22	6	9	9	6	9	9	4.14	
1008	20-11-11	3-32	7	11	13	7	11	13	4.14	
1009	20-11-11	3-43	10	13	15	10	13	15	4.14	
1010	20-11-11	3-53	7	11	11	7	11	11	4.14	
1011	20-11-11	4-4	7	10	11	7	10	11	4.14	
1012	20-11-11	4-14	6	9	10	6	9	10	4.14	
1013	20-11-11	4-25	7	11	11	7	11	11	4.14	
1014	20-11-11	4-35	9	11	13	9	11	13	4.14	
1015	20-11-11	4-46	9	13	15	9	13	15	4.14	
1016	20-11-11	4-56	9	14	15	9	14	15	4.14	
1017	20-11-11	5-7	10	14	14	10	14	14	4.14	
1018	20-11-11	5-17	9	14	14	9	14	14	4.14	
1019	20-11-11	5-28	10	14	14	10	14	14	4.14	
1020	20-11-11	5-38	11	17	18	11	17	18	4.14	
1021	20-11-11	5-49	11	17	17	11	17	17	4.14	
1022	20-11-11	5-59	11	17	17	11	17	17	4.14	
1023	20-11-11	6-10	11	18	21	11	18	21	4.14	
1024	20-11-11	6-20	12	17	17	12	17	17	4.14	
1025	20-11-11	6-31	9	13	14	9	13	14	4.14	
1026	20-11-11	6-41	12	18	20	12	18	20	4.14	
1027	20-11-11	6-52	13	17	20	13	17	20	4.14	
1028	20-11-11	7-2	12	17	18	12	17	18	4.14	
1029	20-11-11	7-13	13	18	24	13	18	24	4.14	
1030	20-11-11	7-23	14	20	21	14	20	21	4.14	
1031	20-11-11	7-34	13	18	19	13	18	19	4.14	
1032	20-11-11	7-44	15	21	22	15	21	22	4.14	
1033	20-11-11	7-55	14	19	23	14	19	23	4.14	
1034	20-11-11	8-5	53	75	77	40	59	71	4.14	
1035	20-11-11	8-16	36	52	56	32	46	56	4.14	
1036	20-11-11	8-26	30	40	42	29	40	42	4.14	
1037	20-11-11	8-37	28	47	49	26	44	49	4.14	
1038	20-11-11	8-47	28	36	37	26	36	37	4.14	
1039	20-11-11	8-58	28	42	45	26	41	45	4.14	
1040	20-11-11	9-8	29	40	45	28	40	45	4.14	
1041	20-11-11	9-19	30	45	50	29	42	50	4.14	
1042	20-11-11	9-29	32	42	49	29	41	49	4.14	
1043	20-11-11	9-40	36	51	52	32	47	52	4.14	
1044	20-11-11	9-50	34	48	50	30	44	50	4.13	
1045	20-11-11	10-1	33	46	50	30	43	50	4.14	
1046	20-11-11	10-11	31	43	47	29	42	47	4.14	
1047	20-11-11	10-22	29	39	41	27	39	41	4.13	
1048	20-11-11	10-32	29	41	45	27	39	45	4.14	
1049	20-11-11	10-43	27	42	47	26	41	47	4.14	
1050	20-11-11	10-53	29	42	46	27	41	46	4.14	
1051	20-11-11	11-4	37	51	53	31	46	53	4.14	
1052	20-11-11	11-14	84	123	137	55	81	97	4.14	
1053	20-11-11	11-25	123	180	203	81	119	134	4.13	
1054	20-11-11	11-35	109	165	180	71	109	119	4.14	
1055	20-11-11	11-46	138	206	223	90	136	148	4.13	
1056	20-11-11	11-56	112	163	184	73	107	122	4.14	
1057	20-11-11	12-7	95	136	153	62	90	103	4.13	
1058	20-11-11	12-17	82	119	139	53	78	98	4.14	
1059	20-11-11	12-28	71	101	105	46	68	84	4.13	
1060	20-11-11	12-38	61	85	89	43	63	76	4.14	
1061	20-11-11	12-49	42	59	66	35	50	63	4.13	
1062	20-11-11	12-59	37	53	57	32	46	57	4.14	
1063	20-11-11	13-10	31	45	49	28	43	49	4.14	
1064	20-11-11	13-20	28	40	43	27	39	43	4.14	
1065	20-11-11	13-31	28	39	42	27	39	42	4.14	
1066	20-11-11	13-41	26	36	39	26	36	39	4.14	
1067	20-11-11	13-52	22	30	31	22	30	31	4.14	
1068	20-11-11	14-2	18	27	27	18	27	27	4.14	
1069	20-11-11	14-13	19	27	27	19	27	27	4.14	
1070	20-11-11	14-23	17	25	26	17	25	26	4.14	
1071	20-11-11	14-34	14	19	22	14	19	22	4.13	
1072	20-11-11	14-44	14	19	21	14	19	21	4.13	
1073	20-11-11	14-55	11	15	15	11	15	15	4.13	
1074	20-11-11	15-5	10	17	17	10	17	17	4.13	
1075	20-11-11	15-16	9	14	17	9	14	17	4.13	
1076	20-11-11	15-26	9	13	14	9	13	14	4.14	
1077	20-11-11	15-37	63	91	102	43	65	83	4.14	
1078	20-11-11	15-47	82	128	148	54	85	102	4.14	
1079	20-11-11	15-58	90	137	160	59	90	106	4.14	
1080	20-11-11	16-8	94	134	154	62	89	103	4.14	
1081	20-11-11	16-19	85	130	140	55	86	99	4.14	
1082	20-11-11	16-29	66	97	107	45	67	86	4.14	
1083	20-11-11	16-40	50	71	77	38	56	70	4.14	
1084	20-11-11	16-50	31	45	47	29	42	47	4.13	
1085	20-11-11	17-1	27	39	42	26	39	42	4.13	
1086	20-11-11	17-11	18	26	29	18	26	29	4.13	
1087	20-11-11	17-22	17	23	25	17	23	25	4.13	
1088	20-11-11	17-32	9	14	14	9	14	14	4.13	
1089	20-11-11	17-43	9	14	15	9	14	15	4.13	
1090	20-11-11	17-53	6	10	10	6	10	10	4.13	
1091	20-11-11	18-4	57	83	93	41	62	79	4.14	
1092	20-11-11	18-14	31	47	51	29	43	51	4.13	
1093	20-11-11	18-25	61	90	102	43	65	83	4.14	
1094	20-11-11	18-35	95	144	155	62	95	104	4.13	
1095	20-11-11	18-46	69	98	106	46	68	85	4.14	
1096	20-11-11	18-56	54	77	85	41	59	74	4.13	
1097	20-11-11	19-7	35	51	55	31	46	55	4.13	
1098	20-11-11	19-17	29	41	43	27	39	43	4.14	
1099	20-11-11	19-28	31	45	49	29	42	49	4.13	
1100	20-11-11	19-38	18	24	25	18	24	25	4.13	
1101	20-11-11	19-49	67	103	125	45	69	93	4.13	
1102	20-11-11	19-59	49	75	89	38	58	77	4.13	
1103	20-11-11	20-10	92	141	159	60	94	106	4.13	
1104	20-11-11	20-20	69	105	125	46	70	93	4.14	
1105	20-11-11	20-31	51	71	79	39	57	71	4.13	
1106	20-11-11	20-42	41	61	67	34	51	65	4.13	
1107	20-11-11	20-52	33	46	53	30	44	53	4.14	
1108	20-11-11	21-3	81	115	128	53	75	95	4.13	
1109	20-11-11	21-13	105	151	181	68	101	119	4.13	
1110	20-11-11	21-24	76	111	125	50	72	94	4.14	
1111	20-11-11	21-34	57	83	94	41	62	79	4.14	
1112	20-11-11	21-45	36	49	53	31	46	53	4.13	
1113	20-11-11	21-55	27	35	36	26	35	36	4.13	
1114	20-11-11	22-6	22	28	30	22	28	30	4.13	
1115	20-11-11	22-16	21	27	27	21	27	27	4.13	
1116	20-11-11	22-27	17	24	24	17	24	24	4.13	
1117	20-11-11	22-37	51	70	77	39	56	69	4.13	
1118	20-11-11	22-48	37	50	55	32	45	55	4.13	
1119	20-11-11	22-58	86	122	135	56	81	97	4.13	
1120	20-11-11	23-9	68	99	110	45	67	86	4.13	
1121	20-11-11	23-19	50	68	74	38	55	68	4.13	
1122	20-11-11	23-30	188	296	350	124	197	233	4.13	
1123	20-11-11	23-40	113	170	186	75	113	123	4.13	
1124	20-11-11	23-51	132	201	233	87	133	155	4.13	
1125	20-11-12	0-1	105	147	164	69	97	108	4.13	
1126	20-11-12	0-12	75	108	119	49	71	90	4.13	
1127	20-11-12	0-22	47	71	77	37	56	69	4.13	
1128	20-11-12	0-33	32	47	55	29	43	55	4.13	
1129	20-11-12	0-43	26	37	39	26	37	39	4.13	
1130	20-11-12	0-54	42	62	73	35	51	67	4.13	
1131	20-11-12	1-4	42	62	65	35	52	62	4.13	
1132	20-11-12	1-15	31	44	47	28	41	47	4.13	
1133	20-11-12	1-25	28	38	40	27	38	40	4.13	
1134	20-11-12	1-36	21	27	28	21	27	28	4.13	
1135	20-11-12	1-46	19	26	28	19	26	28	4.13	
1136	20-11-12	1-57	17	21	22	17	21	22	4.13	
1137	20-11-12	2-7	14	18	19	14	18	19	4.13	
1138	20-11-12	2-18	13	18	19	13	18	19	4.13	
1139	20-11-12	2-28	15	19	22	15	19	22	4.13	
1140	20-11-12	2-39	11	15	15	11	15	15	4.13	
1141	20-11-12	2-49	11	17	18	11	17	18	4.13	
1142	20-11-12	3-0	11	17	17	11	17	17	4.13	
1143	20-11-12	3-10	13	15	17	13	15	17	4.13	
1144	20-11-12	3-21	13	17	19	13	17	19	4.13	
1145	20-11-12	3-31	11	14	14	11	14	14	4.13	
1146	20-11-12	3-42	10	15	17	10	15	17	4.13	
1147	20-11-12	3-52	13	18	19	13	18	19	4.13	
1148	20-11-12	4-3	13	15	15	13	15	15	4.13	
1149	20-11-12	4-13	10	13	13	10	13	13	4.13	
1150	20-11-12	4-24	10	13	13	10	13	13	4.13	
1151	20-11-12	4-34	11	15	17	11	15	17	4.13	
1152	20-11-12	4-45	10	14	14	10	14	14	4.13	
1153	20-11-12	4-55	11	15	15	11	15	15	4.13	
1154	20-11-12	5-6	10	14	15	10	14	15	4.13	
1155	20-11-12	5-16	13	18	21	13	18	21	4.13	
1156	20-11-12	5-27	10	15	15	10	15	15	4.13	
1157	20-11-12	5-37	10	15	17	10	15	17	4.13	
1158	20-11-12	5-48	10	14	14	10	14	14	4.13	
1159	20-11-12	5-58	11	14	14	11	14	14	4.13	
1160	20-11-12	6-9	11	14	15	11	14	15	4.13	
1161	20-11-12	6-19	11	15	15	11	15	15	4.13	
1162	20-11-12	6-30	11	15	15	11	15	15	4.13	
1163	20-11-12	6-40	11	15	18	11	15	18	4.13	
1164	20-11-12	6-51	11	18	18	11	18	18	4.13	
1165	20-11-12	7-1	11	15	15	11	15	15	4.13	
1166	20-11-12	7-12	11	17	18	11	17	18	4.13	
1167	20-11-12	7-22	13	17	17	13	17	17	4.13	
1168	20-11-12	7-33	13	14	17	13	14	17	4.13	
1169	20-11-12	7-43	13	18	19	13	18	19	4.13	
1170	20-11-12	7-54	14	19	19	14	19	19	4.13	
1171	20-11-12	8-4	11	15	15	11	15	15	4.13	
1172	20-11-12	8-15	13	15	17	13	15	17	4.13	
1173	20-11-12	8-25	11	15	17	11	15	17	4.13	
1174	20-11-12	8-36	11	15	15	11	15	15	4.13	
1175	20-11-12	8-46	13	18	18	13	18	18	4.13	
1176	20-11-12	8-57	13	15	18	13	15	18	4.13	
1177	20-11-12	9-7	13	18	19	13	18	19	4.13	
1178	20-11-12	9-18	10	14	14	10	14	14	4.13	
1179	20-11-12	9-28	61	92	101	43	65	82	4.13	
1180	20-11-12	9-39	55	75	79	40	58	71	4.13	
1181	20-11-12	9-49	41	58	67	35	50	63	4.14	
1182	20-11-12	10-0	23	33	35	23	33	35	4.13	
1183	20-11-12	10-10	19	26	27	19	26	27	4.13	
1184	20-11-12	10-21	15	22	26	15	22	26	4.13	
1185	20-11-12	10-31	13	17	18	13	17	18	4.13	
1186	20-11-12	10-42	14	17	18	14	17	18	4.13	
1187	20-11-12	10-52	14	19	21	14	19	21	4.13	
1188	20-11-12	11-3	14	19	22	14	19	22	4.13	
1189	20-11-12	11-13	13	17	19	13	17	19	4.13	
1190	20-11-12	11-24	14	18	21	14	18	21	4.13	
1191	20-11-12	11-34	14	19	22	14	19	22	4.13	
1192	20-11-12	11-45	14	18	18	14	18	18	4.13	
1193	20-11-12	11-55	13	17	18	13	17	18	4.13	
1194	20-11-12	12-6	15	19	21	15	19	21	4.13	
1195	20-11-12	12-16	14	21	25	14	21	25	4.13	
1196	20-11-12	12-27	13	18	19	13	18	19	4.13	
1197	20-11-12	12-37	14	19	21	14	19	21	4.13	
1198	20-11-12	12-48	14	19	21	14	19	21	4.13	
1199	20-11-12	12-58	15	19	19	15	19	19	4.13	
1200	20-11-12	13-9	13	18	21	13	18	21	4.13	
1201	20-11-12	13-19	30	43	43	28	42	43	4.13	
1202	20-11-12	13-30	34	47	56	30	43	56	4.13	
1203	20-11-12	13-40	33	45	49	30	43	49	4.13	
1204	20-11-12	13-51	39	57	63	33	49	61	4.13	
1205	20-11-12	14-1	61	83	92	42	61	78	4.14	
1206	20-11-12	14-12	60	85	90	43	63	77	4.13	
1207	20-11-12	14-22	49	66	73	38	55	68	4.13	
1208	20-11-12	14-33	46	69	74	36	56	68	4.14	
1209	20-11-12	14-43	36	49	59	31	45	59	4.13	
1210	20-11-12	14-54	31	44	48	28	41	48	4.13	
1211	20-11-12	15-4	56	83	90	40	61	77	4.13	
1212	20-11-12	15-15	102	149	163	67	98	107	4.14	
1213	20-11-12	15-25	95	131	142	63	86	99	4.14	
1214	20-11-12	15-36	69	96	107	45	65	85	4.13	
1215	20-11-12	15-46	88	136	141	58	90	99	4.13	
1216	20-11-12	15-57	90	125	133	59	82	95	4.13	
1217	20-11-12	16-8	76	107	114	49	71	88	4.13	
1218	20-11-12	16-18	15	18	22	15	18	22	4.13	
1219	20-11-12	16-29	14	18	19	14	18	19	4.13	
1220	20-11-12	16-39	16	21	24	16	21	24	4.13	
1221	20-11-12	16-50	17	22	24	17	22	24	4.13	
1222	20-11-12	17-0	14	21	22	14	21	22	4.13	
1223	20-11-12	17-11	16	22	25	16	22	25	4.13	
1224	20-11-12	17-21	17	22	25	17	22	25	4.13	
1225	20-11-12	17-32	28	40	45	26	40	45	4.13	
1226	20-11-12	17-42	72	102	111	47	69	88	4.14	
1227	20-11-12	17-53	41	59	65	34	51	62	4.13	
1228	20-11-12	18-3	26	36	36	26	36	36	4.13	
1229	20-11-12	18-14	72	109	118	47	71	91	4.14	
1230	20-11-12	18-24	85	123	135	56	81	98	4.14	
1231	20-11-12	18-35	62	88	97	44	64	81	4.13	
1232	20-11-12	18-45	57	78	91	41	59	78	4.13	
1233	20-11-12	18-56	46	66	74	37	54	69	4.13	
1234	20-11-12	19-6	60	85	93	42	62	80	4.14	
1235	20-11-12	19-17	54	78	85	41	59	74	4.13	
1236	20-11-12	19-27	45	67	76	37	55	70	4.13	
1237	20-11-12	19-38	33	46	50	30	43	50	4.13	
1238	20-11-12	19-48	29	39	41	27	39	41	4.13	
1239	20-11-12	19-59	55	77	81	41	59	73	4.13	
1240	20-11-12	20-9	41	59	63	34	51	62	4.13	
1241	20-11-12	20-20	29	41	42	27	39	42	4.13	
1242	20-11-12	20-30	23	34	39	23	34	39	4.13	
1243	20-11-12	20-41	73	106	115	47	70	89	4.14	
1244	20-11-12	20-51	71	103	108	46	69	86	4.13	
1245	20-11-12	21-2	49	71	75	38	56	68	4.14	
1246	20-11-12	21-12	37	52	56	31	47	56	4.13	
1247	20-11-12	21-23	31	40	44	28	39	44	4.13	
1248	20-11-12	21-33	23	34	36	23	34	36	4.13	
1249	20-11-12	21-44	22	30	34	22	30	34	4.13	
1250	20-11-12	21-54	19	28	29	19	28	29	4.13	
1251	20-11-12	22-5	20	30	35	20	30	35	4.13	
1252	20-11-12	22-15	16	23	24	16	23	24	4.13	
1253	20-11-12	22-26	16	26	28	16	26	28	4.13	
1254	20-11-12	22-36	16	23	24	16	23	24	4.13	
1255	20-11-12	22-47	67	103	122	45	68	90	4.13	
1256	20-11-12	22-57	83	123	140	54	81	98	4.13	
1257	20-11-12	23-8	59	93	102	42	65	83	4.13	
1258	20-11-12	23-18	104	156	173	68	103	115	4.13	
1259	20-11-12	23-29	96	140	153	63	92	101	4.13	
1260	20-11-12	23-39	70	103	112	46	67	87	4.13	
1261	20-11-12	23-50	61	84	92	42	61	78	4.13	
1262	20-11-13	0-0	95	147	168	62	98	110	4.13	
1263	20-11-13	0-11	104	152	172	68	100	113	4.13	
1264	20-11-13	0-21	107	163	191	70	108	126	4.13	
1265	20-11-13	0-32	101	152	162	66	101	107	4.14	
1266	20-11-13	0-42	93	140	153	61	92	102	4.14	
1267	20-11-13	0-53	75	112	126	49	73	93	4.13	
1268	20-11-13	1-3	58	88	93	41	63	79	4.13	
1269	20-11-13	1-14	51	73	76	38	57	68	4.13	
1270	20-11-13	1-24	289	16	8	2	37632	896	4.13	
1271	20-11-13	1-35	36	51	55	31	46	55	4.13	
1272	20-11-13	1-45	32	46	49	29	42	49	4.13	
1273	20-11-13	1-56	31	48	54	28	44	54	4.13	
1274	20-11-13	2-6	28	39	41	27	39	41	4.13	
1275	20-11-13	2-17	24	36	37	24	36	37	4.13	
1276	20-11-13	2-27	24	32	33	24	32	33	4.13	
1277	20-11-13	2-38	23	32	36	23	32	36	4.13	
1278	20-11-13	2-48	19	27	31	19	27	31	4.13	
1279	20-11-13	2-59	22	29	33	22	29	33	4.13	
1280	20-11-13	3-9	23	33	37	23	33	37	4.13	
1281	20-11-13	3-20	20	30	31	20	30	31	4.13	
1282	20-11-13	3-30	20	26	31	20	26	31	4.13	
1283	20-11-13	3-41	20	27	30	20	27	30	4.13	
1284	20-11-13	3-51	18	26	30	18	26	30	4.13	
1285	20-11-13	4-2	17	22	24	17	22	24	4.13	
1286	20-11-13	4-12	17	22	23	17	22	23	4.13	
1287	20-11-13	4-23	17	22	23	17	22	23	4.13	
1288	20-11-13	4-33	15	22	23	15	22	23	4.13	
1289	20-11-13	4-44	17	22	23	17	22	23	4.13	
1290	20-11-13	4-54	15	22	24	15	22	24	4.13	
1291	20-11-13	5-5	19	26	27	19	26	27	4.13	
1292	20-11-13	5-15	15	21	22	15	21	22	4.13	
1293	20-11-13	5-26	15	23	23	15	23	23	4.13	
1294	20-11-13	5-36	15	22	23	15	22	23	4.13	
1295	20-11-13	5-47	17	22	24	17	22	24	4.13	
1296	20-11-13	5-57	14	18	18	14	18	18	4.13	
1297	20-11-13	6-8	15	21	22	15	21	22	4.13	
1298	20-11-13	6-18	15	22	22	15	22	22	4.13	
1299	20-11-13	6-29	14	21	22	14	21	22	4.13	
1300	20-11-13	6-39	14	19	21	14	19	21	4.13	
1301	20-11-13	6-50	14	19	21	14	19	21	4.13	
1302	20-11-13	7-0	14	19	21	14	19	21	4.13	
1303	20-11-13	7-11	14	22	23	14	22	23	4.13	
1304	20-11-13	7-21	15	23	26	15	23	26	4.13	
1305	20-11-13	7-32	15	23	23	15	23	23	4.13	
1306	20-11-13	7-42	17	22	23	17	22	23	4.13	
1307	20-11-13	7-53	17	23	23	17	23	23	4.13	
1308	20-11-13	8-3	14	22	25	14	22	25	4.13	
1309	20-11-13	8-14	17	23	23	17	23	23	4.13	
1310	20-11-13	8-24	15	21	22	15	21	22	4.13	
1311	20-11-13	8-35	15	19	22	15	19	22	4.13	
1312	20-11-13	8-45	14	19	20	14	19	20	4.13	
1313	20-11-13	8-56	15	20	20	15	20	20	4.13	
1314	20-11-13	9-6	15	20	20	15	20	20	4.13	
1315	20-11-13	9-17	14	17	19	14	17	19	4.13	
1316	20-11-13	9-27	15	19	21	15	19	21	4.13	
1317	20-11-13	9-38	15	21	24	15	21	24	4.13	
1318	20-11-13	9-48	14	21	22	14	21	22	4.13	
1319	20-11-13	9-59	15	22	23	15	22	23	4.13	
1320	20-11-13	10-9	13	18	21	13	18	21	4.13	
1321	20-11-13	10-20	18	24	26	18	24	26	4.13	
1322	20-11-13	10-30	17	22	26	17	22	26	4.13	
1323	20-11-13	10-41	19	23	24	19	23	24	4.13	
1324	20-11-13	10-51	15	21	22	15	21	22	4.13	
1325	20-11-13	11-2	16	22	24	16	22	24	4.13	
1326	20-11-13	11-12	15	22	25	15	22	25	4.13	
1327	20-11-13	11-23	15	21	23	15	21	23	4.13	
1328	20-11-13	11-33	14	19	22	14	19	22	4.13	
1329	20-11-13	11-44	15	22	22	15	22	22	4.13	
1330	20-11-13	11-54	14	19	22	14	19	22	4.13	
1331	20-11-13	12-5	13	17	18	13	17	18	4.13	
1332	20-11-13	12-15	15	22	25	15	22	25	4.13	
1333	20-11-13	12-26	14	19	22	14	19	22	4.13	
1334	20-11-13	12-37	14	21	22	14	21	22	4.13	
1335	20-11-13	12-47	13	18	19	13	18	19	4.13	
1336	20-11-13	12-58	15	19	21	15	19	21	4.13	
1337	20-11-13	13-8	15	21	22	15	21	22	4.13	
1338	20-11-13	13-19	25	34	38	25	34	38	4.13	
1339	20-11-13	13-29	19	29	31	19	29	31	4.13	
1340	20-11-13	13-40	19	25	27	19	25	27	4.13	
1341	20-11-13	13-50	17	23	26	17	23	26	4.13	
1342	20-11-13	14-1	14	21	21	14	21	21	4.13	
1343	20-11-13	14-11	14	19	21	14	19	21	4.13	
1344	20-11-13	14-22	14	21	21	14	21	21	4.13	
1345	20-11-13	14-32	14	21	22	14	21	22	4.13	
1346	20-11-13	14-43	14	19	21	14	19	21	4.13	
1347	20-11-13	14-53	15	22	26	15	22	26	4.13	
1348	20-11-13	15-4	13	19	22	13	19	22	4.13	
1349	20-11-13	15-14	13	17	18	13	17	18	4.13	
1350	20-11-13	15-25	13	17	20	13	17	20	4.13	
1351	20-11-13	15-35	13	18	20	13	18	20	4.13	
1352	20-11-13	15-46	13	18	20	13	18	20	4.13	
1353	20-11-13	15-56	14	18	20	14	18	20	4.13	
1354	20-11-13	16-7	16	21	25	16	21	25	4.13	
1355	20-11-13	16-17	15	22	25	15	22	25	4.13	
1356	20-11-13	16-28	17	24	24	17	24	24	4.13	
1357	20-11-13	16-38	30	41	43	29	39	43	4.13	
1358	20-11-13	16-49	63	89	101	43	63	82	4.13	
1359	20-11-13	16-59	49	68	76	38	55	70	4.13	
1360	20-11-13	17-10	34	49	54	30	45	54	4.13	
1361	20-11-13	17-20	54	80	88	41	61	76	4.13	
1362	20-11-13	17-31	33	43	50	30	42	50	4.13	
1363	20-11-13	17-41	24	33	37	24	33	37	4.13	
1364	20-11-13	17-52	22	28	30	22	28	30	4.13	
1365	20-11-13	18-2	21	28	30	21	28	30	4.13	
1366	20-11-13	18-13	21	30	36	21	30	36	4.13	
1367	20-11-13	18-23	18	26	26	18	26	26	4.13	
1368	20-11-13	18-34	18	26	29	18	26	29	4.13	
1369	20-11-13	18-44	119	170	188	78	112	124	4.13	
1370	20-11-13	18-55	94	136	148	61	90	102	4.13	
1371	20-11-13	19-5	108	157	173	71	104	115	4.13	
1372	20-11-13	19-16	104	155	175	69	102	115	4.13	
1373	20-11-13	19-26	86	123	133	57	81	97	4.13	
1374	20-11-13	19-37	66	91	97	45	65	81	4.13	
1375	20-11-13	19-47	53	77	84	40	60	74	4.13	
1376	20-11-13	19-58	53	71	75	39	57	69	4.13	
1377	20-11-13	20-8	41	55	61	34	49	59	4.13	
1378	20-11-13	20-19	36	49	53	32	45	53	4.13	
1379	20-11-13	20-29	30	46	52	29	44	52	4.13	
1380	20-11-13	20-40	28	38	44	26	38	44	4.13	
1381	20-11-13	20-50	158	243	276	105	161	183	4.13	
1382	20-11-13	21-1	70	104	115	46	69	89	4.13	
1383	20-11-13	21-11	85	127	138	56	84	99	4.13	
1384	20-11-13	21-22	86	125	145	57	82	101	4.13	
1385	20-11-13	21-32	79	119	131	52	79	96	4.13	
1386	20-11-13	21-43	76	105	114	49	70	89	4.13	
1387	20-11-13	21-53	65	92	99	45	65	83	4.13	
1388	20-11-13	22-4	59	84	94	42	63	80	4.13	
1389	20-11-13	22-14	52	74	86	40	58	76	4.13	
1390	20-11-13	22-25	49	71	78	38	57	70	4.13	
1391	20-11-13	22-35	66	97	110	45	67	87	4.13	
1392	20-11-13	22-46	59	91	105	42	65	85	4.13	
1393	20-11-13	22-56	53	75	75	39	58	69	4.13	
1394	20-11-13	23-7	49	66	71	38	54	66	4.13	
1395	20-11-13	23-17	39	59	65	34	51	62	4.13	
1396	20-11-13	23-28	38	53	58	33	47	58	4.13	
1397	20-11-13	23-38	31	43	47	29	42	47	4.13	
1398	20-11-13	23-49	27	42	43	26	41	43	4.13	
1399	20-11-13	23-59	29	41	45	27	39	45	4.13	
1400	20-11-14	0-10	62	93	103	43	66	83	4.13	
1401	20-11-14	0-20	64	94	107	45	66	86	4.13	
1402	20-11-14	0-31	48	71	76	38	56	69	4.13	
1403	20-11-14	0-41	102	153	177	67	102	117	4.13	
1404	20-11-14	0-52	85	124	140	55	82	99	4.13	
1405	20-11-14	1-2	69	99	111	46	67	87	4.13	
1406	20-11-14	1-13	38	56	64	32	50	61	4.13	
1407	20-11-14	1-23	31	43	45	29	42	45	4.13	
1408	20-11-14	1-34	25	35	39	25	35	39	4.13	
1409	20-11-14	1-44	19	29	31	19	29	31	4.13	
1410	20-11-14	1-55	19	26	30	19	26	30	4.13	
1411	20-11-14	2-5	67	98	112	45	67	89	4.13	
1412	20-11-14	2-16	77	115	128	50	75	95	4.13	
1413	20-11-14	2-26	89	127	146	58	83	101	4.13	
1414	20-11-14	2-37	90	135	150	59	89	102	4.13	
1415	20-11-14	2-47	87	128	146	57	85	100	4.13	
1416	20-11-14	2-58	81	118	130	54	77	95	4.13	
1417	20-11-14	3-8	43	62	70	35	52	66	4.13	
1418	20-11-14	3-19	42	60	66	35	51	63	4.13	
1419	20-11-14	3-29	34	46	51	30	43	51	4.13	
1420	20-11-14	3-40	27	39	46	26	39	46	4.13	
1421	20-11-14	3-50	26	37	39	26	37	39	4.13	
1422	20-11-14	4-1	25	34	40	25	34	40	4.13	
1423	20-11-14	4-11	25	34	35	25	34	35	4.13	
1424	20-11-14	4-22	25	37	39	25	37	39	4.13	
1425	20-11-14	4-32	23	33	34	23	33	34	4.13	
1426	20-11-14	4-43	21	29	31	21	29	31	4.13	
1427	20-11-14	4-53	25	37	41	25	37	41	4.13	
1428	20-11-14	5-4	22	31	34	22	31	34	4.13	
1429	20-11-14	5-14	27	38	39	26	38	39	4.13	
1430	20-11-14	5-25	22	35	37	22	35	37	4.13	
1431	20-11-14	5-35	23	31	34	23	31	34	4.13	
1432	20-11-14	5-46	22	33	34	22	33	34	4.13	
1433	20-11-14	5-56	21	29	30	21	29	30	4.13	
1434	20-11-14	6-7	19	31	35	19	31	35	4.13	
1435	20-11-14	6-17	22	34	34	22	34	34	4.13	
1436	20-11-14	6-28	21	29	31	21	29	31	4.13	
1437	20-11-14	6-38	18	27	33	18	27	33	4.13	
1438	20-11-14	6-49	21	27	33	21	27	33	4.13	
1439	20-11-14	6-59	19	29	33	19	29	33	4.13	
1440	20-11-14	7-10	18	22	23	18	22	23	4.13	
1441	20-11-14	7-21	17	23	23	17	23	23	4.13	
1442	20-11-14	7-31	18	27	30	18	27	30	4.13	
1443	20-11-14	7-42	18	26	27	18	26	27	4.13	
1444	20-11-14	7-52	15	22	23	15	22	23	4.13	
1445	20-11-14	8-3	15	22	23	15	22	23	4.13	
1446	20-11-14	8-13	21	33	35	21	33	35	4.13	
1447	20-11-14	8-24	15	23	23	15	23	23	4.13	
1448	20-11-14	8-34	14	23	26	14	23	26	4.13	
1449	20-11-14	8-45	18	27	30	18	27	30	4.13	
1450	20-11-14	8-55	18	26	27	18	26	27	4.13	
1451	20-11-14	9-6	19	29	30	19	29	30	4.13	
1452	20-11-14	9-16	18	25	27	18	25	27	4.13	
1453	20-11-14	9-27	18	30	35	18	30	35	4.13	
1454	20-11-14	9-37	19	29	31	19	29	31	4.13	
1455	20-11-14	9-48	18	29	30	18	29	30	4.13	
1456	20-11-14	9-58	19	26	29	19	26	29	4.13	
1457	20-11-14	10-9	21	31	32	21	31	32	4.13	
1458	20-11-14	10-19	19	27	29	19	27	29	4.13	
1459	20-11-14	10-30	21	30	34	21	30	34	4.13	
1460	20-11-14	10-40	21	30	38	21	30	38	4.13	
1461	20-11-14	10-51	21	31	34	21	31	34	4.13	
1462	20-11-14	11-1	21	31	36	21	31	36	4.13	
1463	20-11-14	11-12	25	33	34	25	33	34	4.13	
1464	20-11-14	11-22	19	29	31	19	29	31	4.13	
1465	20-11-14	11-33	22	30	31	22	30	31	4.13	
1466	20-11-14	11-43	21	31	33	21	31	33	4.13	
1467	20-11-14	11-54	21	33	37	21	33	37	4.13	
1468	20-11-14	12-4	22	33	37	22	33	37	4.13	
1469	20-11-14	12-15	22	33	39	22	33	39	4.13	
1470	20-11-14	12-25	40	58	62	34	50	60	4.13	
1471	20-11-14	12-36	44	64	67	36	53	64	4.13	
1472	20-11-14	12-46	35	52	60	31	47	59	4.13	
1473	20-11-14	12-57	47	68	72	36	55	67	4.13	
1474	20-11-14	13-7	46	61	65	36	52	63	4.13	
1475	20-11-14	13-18	40	60	67	34	51	64	4.13	
1476	20-11-14	13-28	35	51	55	31	46	55	4.13	
1477	20-11-14	13-39	34	48	51	30	44	51	4.13	
1478	20-11-14	13-49	40	60	64	34	51	61	4.13	
1479	20-11-14	14-0	47	67	80	36	55	72	4.13	
1480	20-11-14	14-10	39	57	69	34	49	65	4.13	
1481	20-11-14	14-21	38	57	63	32	49	61	4.13	
1482	20-11-14	14-31	35	52	60	31	47	59	4.13	
1483	20-11-14	14-42	36	52	60	31	47	59	4.13	
1484	20-11-14	14-52	31	46	50	29	43	50	4.13	
1485	20-11-14	15-3	29	43	46	27	42	46	4.13	
1486	20-11-14	15-13	31	46	48	28	43	48	4.13	
1487	20-11-14	15-24	29	40	46	27	39	46	4.13	
1488	20-11-14	15-34	31	46	56	29	43	56	4.13	
1489	20-11-14	15-45	27	39	42	26	39	42	4.13	
1490	20-11-14	15-55	26	35	38	26	35	38	4.13	
1491	20-11-14	16-6	24	36	42	24	36	42	4.13	
1492	20-11-14	16-16	25	36	36	25	36	36	4.13	
1493	20-11-14	16-27	25	36	38	25	36	38	4.13	
1494	20-11-14	16-37	24	35	36	24	35	36	4.13	
1495	20-11-14	16-48	24	35	38	24	35	38	4.13	
1496	20-11-14	16-58	25	34	36	25	34	36	4.13	
1497	20-11-14	17-9	23	36	42	23	36	42	4.13	
1498	20-11-14	17-19	23	32	36	23	32	36	4.13	
1499	20-11-14	17-30	23	34	35	23	34	35	4.13	
1500	20-11-14	17-40	63	90	101	43	64	82	4.13	
1501	20-11-14	17-51	64	89	95	44	64	80	4.13	
1502	20-11-14	18-1	56	80	87	40	60	76	4.13	
1503	20-11-14	18-12	49	72	78	38	57	70	4.13	
1504	20-11-14	18-22	44	63	66	36	53	63	4.13	
1505	20-11-14	18-33	108	169	198	72	111	131	4.13	
1506	20-11-14	18-43	157	252	302	103	167	201	4.13	
1507	20-11-14	18-54	167	264	311	111	175	206	4.13	
1508	20-11-14	19-4	140	219	243	92	144	161	4.13	
1509	20-11-14	19-15	110	175	196	72	116	129	4.13	
1510	20-11-14	19-25	99	149	176	66	98	116	4.13	
1511	20-11-14	19-36	96	149	168	64	98	111	4.13	
1512	20-11-14	19-46	105	161	176	69	107	117	4.13	
1513	20-11-14	19-57	90	135	149	60	89	101	4.13	
1514	20-11-14	20-7	76	113	132	49	75	94	4.13	
1515	20-11-14	20-18	68	100	117	44	67	89	4.13	
1516	20-11-14	20-28	62	89	100	43	63	81	4.13	
1517	20-11-14	20-39	63	95	103	43	65	82	4.13	
1518	20-11-14	20-49	95	143	160	62	95	105	4.13	
1519	20-11-14	21-0	85	126	141	56	83	98	4.13	
1520	20-11-14	21-10	80	116	127	52	76	93	4.13	
1521	20-11-14	21-21	70	103	120	46	67	89	4.13	
1522	20-11-14	21-31	79	121	139	52	80	97	4.13	
1523	20-11-14	21-42	82	123	145	54	81	99	4.13	
1524	20-11-14	21-52	89	137	151	58	90	100	4.13	
1525	20-11-14	22-3	87	137	147	57	91	100	4.13	
1526	20-11-14	22-13	101	157	182	66	104	121	4.13	
1527	20-11-14	22-24	100	150	163	65	99	108	4.13	
1528	20-11-14	22-34	112	167	184	74	110	122	4.13	
1529	20-11-14	22-45	103	161	180	68	107	120	4.13	
1530	20-11-14	22-55	93	144	167	62	95	110	4.13	
1531	20-11-14	23-6	87	133	158	57	87	104	4.13	
1532	20-11-14	23-16	82	126	140	53	83	97	4.13	
1533	20-11-14	23-27	89	145	158	59	96	105	4.13	
1534	20-11-14	23-37	99	147	161	65	97	107	4.13	
1535	20-11-14	23-48	95	148	166	62	98	109	4.13	
1536	20-11-14	23-58	84	131	162	55	87	107	4.13	
1537	20-11-15	0-9	91	140	157	59	92	104	4.13	
1538	20-11-15	0-19	93	144	154	62	95	102	4.13	
1539	20-11-15	0-30	80	127	137	52	84	96	4.13	
1540	20-11-15	0-40	65	99	116	43	66	87	4.13	
1541	20-11-15	0-51	57	91	107	40	63	84	4.13	
1542	20-11-15	1-1	50	77	86	38	58	73	4.13	
1543	20-11-15	1-12	44	67	76	35	54	68	4.13	
1544	20-11-15	1-22	45	70	80	35	55	70	4.13	
1545	20-11-15	1-33	44	62	73	35	51	66	4.13	
1546	20-11-15	1-44	75	118	136	49	77	95	4.13	
1547	20-11-15	1-54	87	135	151	57	88	101	4.13	
1548	20-11-15	2-5	75	116	126	49	76	92	4.13	
1549	20-11-15	2-15	68	102	118	44	68	89	4.13	
1550	20-11-15	2-26	63	97	106	44	66	84	4.13	
1551	20-11-15	2-36	54	81	91	39	59	77	4.13	
1552	20-11-15	2-47	50	79	92	38	59	78	4.13	
1553	20-11-15	2-57	49	75	84	38	57	72	4.13	
1554	20-11-15	3-8	43	68	72	36	55	66	4.13	
1555	20-11-15	3-18	42	63	68	35	53	64	4.13	
1556	20-11-15	3-29	41	61	69	34	51	64	4.13	
1557	20-11-15	3-39	41	63	66	34	52	63	4.13	
1558	20-11-15	3-50	39	59	68	33	50	65	4.13	
1559	20-11-15	4-0	37	59	61	32	50	59	4.13	
1560	20-11-15	4-11	41	65	70	35	53	65	4.13	
1561	20-11-15	4-21	40	65	71	33	54	65	4.13	
1562	20-11-15	4-32	37	59	66	32	50	63	4.13	
1563	20-11-15	4-42	40	61	65	33	51	63	4.13	
1564	20-11-15	4-53	41	63	71	35	53	66	4.13	
1565	20-11-15	5-3	39	57	63	33	50	60	4.13	
1566	20-11-15	5-14	41	60	65	34	51	63	4.13	
1567	20-11-15	5-24	41	59	67	34	50	63	4.13	
1568	20-11-15	5-35	41	64	73	34	52	66	4.13	
1569	20-11-15	5-45	42	68	72	34	55	66	4.13	
1570	20-11-15	5-56	42	64	75	34	52	68	4.13	
1571	20-11-15	6-6	43	64	80	36	52	71	4.13	
1572	20-11-15	6-17	41	64	73	34	52	67	4.13	
1573	20-11-15	6-27	43	61	68	36	51	64	4.13	
1574	20-11-15	6-38	43	63	65	36	52	63	4.13	
1575	20-11-15	6-48	42	65	71	34	54	65	4.13	
1576	20-11-15	6-59	41	66	71	34	54	66	4.13	
1577	20-11-15	7-9	43	63	68	36	52	64	4.13	
1578	20-11-15	7-20	40	59	69	33	50	64	4.13	
1579	20-11-15	7-30	38	56	63	33	49	60	4.13	
1580	20-11-15	7-41	44	63	72	36	53	67	4.13	
1581	20-11-15	7-51	37	53	58	32	46	58	4.13	
1582	20-11-15	8-2	37	59	64	32	50	62	4.13	
1583	20-11-15	8-12	36	55	62	31	49	60	4.13	
1584	20-11-15	8-23	32	50	57	29	45	57	4.13	
1585	20-11-15	8-33	31	48	51	28	44	51	4.13	
1586	20-11-15	8-44	28	44	50	27	41	50	4.13	
1587	20-11-15	8-54	28	44	48	27	41	48	4.13	
1588	20-11-15	9-5	27	41	45	25	40	45	4.13	
1589	20-11-15	9-15	25	38	41	25	38	41	4.13	
1590	20-11-15	9-26	28	41	44	27	40	44	4.13	
1591	20-11-15	9-36	25	37	42	25	37	42	4.13	
1592	20-11-15	9-47	24	37	41	24	37	41	4.13	
1593	20-11-15	9-57	23	34	37	23	34	37	4.13	
1594	20-11-15	10-8	24	36	37	24	36	37	4.13	
1595	20-11-15	10-18	23	36	38	23	36	38	4.13	
1596	20-11-15	10-29	23	32	34	23	32	34	4.13	
1597	20-11-15	10-39	25	36	38	25	36	38	4.13	
1598	20-11-15	10-50	22	33	40	22	33	40	4.13	
1599	20-11-15	11-0	58	83	88	41	61	75	4.13	
1600	20-11-15	11-11	61	89	98	42	63	80	4.13	
1601	20-11-15	11-21	72	100	111	47	67	86	4.13	
1602	20-11-15	11-32	41	61	65	35	52	62	4.13	
1603	20-11-15	11-42	67	100	109	45	67	85	4.13	
1604	20-11-15	11-53	63	93	106	44	64	84	4.13	
1605	20-11-15	12-3	50	72	80	38	57	71	4.13	
1606	20-11-15	12-14	46	68	75	36	55	68	4.13	
1607	20-11-15	12-24	37	51	67	32	46	63	4.13	
1608	20-11-15	12-35	43	64	72	36	52	66	4.13	
1609	20-11-15	12-45	41	62	71	34	52	66	4.13	
1610	20-11-15	12-56	37	52	61	32	46	60	4.13	
1611	20-11-15	13-6	47	68	77	37	55	69	4.13	
1612	20-11-15	13-17	58	84	88	41	62	75	4.13	
1613	20-11-15	13-27	51	70	75	38	56	67	4.13	
1614	20-11-15	13-38	69	100	104	44	66	83	4.13	
1615	20-11-15	13-48	56	77	87	41	59	74	4.13	
1616	20-11-15	13-59	48	66	70	37	53	65	4.13	
1617	20-11-15	14-9	42	57	62	34	48	58	4.13	
1618	20-11-15	14-20	38	54	57	33	48	57	4.13	
1619	20-11-15	14-30	56	79	86	41	59	74	4.13	
1620	20-11-15	14-41	57	79	86	41	59	74	4.13	
1621	20-11-15	14-51	47	67	75	37	55	67	4.13	
1622	20-11-15	15-2	42	61	70	34	51	65	4.13	
1623	20-11-15	15-12	39	57	62	33	50	60	4.13	
1624	20-11-15	15-23	33	48	54	29	45	54	4.13	
1625	20-11-15	15-33	34	48	55	30	44	55	4.13	
1626	20-11-15	15-44	34	48	50	30	44	50	4.13	
1627	20-11-15	15-54	30	45	48	28	42	48	4.13	
1628	20-11-15	16-5	26	37	46	25	37	46	4.13	
1629	20-11-15	16-15	28	42	46	26	41	46	4.13	
1630	20-11-15	16-26	35	50	57	30	44	57	4.13	
1631	20-11-15	16-36	34	50	56	30	44	56	4.13	
1632	20-11-15	16-47	32	43	48	29	41	48	4.13	
1633	20-11-15	16-57	29	43	46	28	41	46	4.13	
1634	20-11-15	17-8	24	35	41	24	35	41	4.13	
1635	20-11-15	17-18	23	32	34	23	32	34	4.13	
1636	20-11-15	17-29	20	29	29	20	29	29	4.13	
1637	20-11-15	17-39	21	33	36	21	33	36	4.13	
1638	20-11-15	17-50	20	29	33	20	29	33	4.13	
1639	20-11-15	18-0	22	35	40	22	35	40	4.13	
1640	20-11-15	18-11	48	70	77	38	56	69	4.13	
1641	20-11-15	18-21	36	48	50	31	44	50	4.13	
1642	20-11-15	18-32	26	36	40	26	36	40	4.13	
1643	20-11-15	18-42	23	35	38	23	35	38	4.13	
1644	20-11-15	18-53	24	38	43	24	38	43	4.13	
1645	20-11-15	19-3	26	38	42	26	38	42	4.13	
1646	20-11-15	19-14	24	42	44	24	40	44	4.13	
1647	20-11-15	19-24	26	38	39	26	38	39	4.13	
1648	20-11-15	19-35	27	39	43	26	39	43	4.13	
1649	20-11-15	19-45	52	80	93	39	60	78	4.13	
1650	20-11-15	19-56	33	49	61	30	45	59	4.13	
1651	20-11-15	20-6	27	43	49	26	42	49	4.13	
1652	20-11-15	20-17	26	38	39	26	38	39	4.13	
1653	20-11-15	20-27	23	38	43	23	38	43	4.13	
1654	20-11-15	20-38	26	41	46	26	40	46	4.13	
1655	20-11-15	20-48	25	41	43	25	39	43	4.13	
1656	20-11-15	20-59	26	42	45	26	41	45	4.13	
1657	20-11-15	21-9	29	46	52	28	44	52	4.13	
1658	20-11-15	21-20	39	59	70	34	51	66	4.13	
1659	20-11-15	21-30	83	134	149	54	89	102	4.13	
1660	20-11-15	21-41	116	177	195	77	116	129	4.13	
1661	20-11-15	21-52	74	112	125	48	74	93	4.13	
1662	20-11-15	22-2	64	95	102	45	66	83	4.13	
1663	20-11-15	22-13	55	81	92	40	60	78	4.13	
1664	20-11-15	22-23	79	121	135	51	80	97	4.13	
1665	20-11-15	22-34	92	143	155	60	94	103	4.13	
1666	20-11-15	22-44	66	98	104	44	66	83	4.13	
1667	20-11-15	22-55	53	83	92	40	61	78	4.13	
1668	20-11-15	23-5	40	62	70	33	52	65	4.13	
1669	20-11-15	23-16	40	58	66	33	50	63	4.13	
1670	20-11-15	23-26	35	49	57	31	45	57	4.13	
1671	20-11-15	23-37	28	43	49	27	41	49	4.13	
1672	20-11-15	23-47	67	103	116	45	69	88	4.13	
1673	20-11-15	23-58	71	107	117	47	70	90	4.13	
1674	20-11-16	0-8	52	78	99	39	60	81	4.13	
1675	20-11-16	0-19	40	62	69	33	52	65	4.13	
1676	20-11-16	0-29	35	54	59	31	48	58	4.13	
1677	20-11-16	0-40	61	94	101	42	66	81	4.13	
1678	20-11-16	0-50	86	126	135	56	84	97	4.13	
1679	20-11-16	1-1	77	116	137	50	76	97	4.13	
1680	20-11-16	1-11	63	95	104	44	66	84	4.13	
1681	20-11-16	1-22	50	75	82	38	58	72	4.13	
1682	20-11-16	1-32	87	135	157	57	89	104	4.13	
1683	20-11-16	1-43	80	130	152	52	86	102	4.13	
1684	20-11-16	1-53	78	119	134	50	79	96	4.13	
1685	20-11-16	2-4	57	93	105	41	64	84	4.13	
1686	20-11-16	2-14	42	72	77	34	56	69	4.13	
1687	20-11-16	2-25	40	60	73	33	51	67	4.13	
1688	20-11-16	2-35	37	59	67	32	50	63	4.13	
1689	20-11-16	2-46	29	53	63	28	46	61	4.13	
1690	20-11-16	2-56	32	50	59	29	45	58	4.13	
1691	20-11-16	3-7	24	41	46	24	40	46	4.13	
1692	20-11-16	3-17	40	61	67	33	52	63	4.13	
1693	20-11-16	3-28	41	62	69	34	51	64	4.13	
1694	20-11-16	3-38	38	56	64	33	49	62	4.13	
1695	20-11-16	3-49	31	48	52	28	44	52	4.13	
1696	20-11-16	3-59	29	48	55	28	44	55	4.13	
1697	20-11-16	4-10	26	40	46	26	39	46	4.13	
1698	20-11-16	4-20	24	44	49	24	41	49	4.13	
1699	20-11-16	4-31	23	36	40	23	36	40	4.13	
1700	20-11-16	4-41	20	36	38	20	36	38	4.13	
1701	20-11-16	4-52	23	36	40	23	36	40	4.13	
1702	20-11-16	5-2	24	39	45	24	39	45	4.13	
1703	20-11-16	5-13	22	35	36	22	35	36	4.13	
1704	20-11-16	5-23	20	32	36	20	32	36	4.13	
1705	20-11-16	5-34	18	31	37	18	31	37	4.13	
1706	20-11-16	5-44	19	32	36	19	32	36	4.13	
1707	20-11-16	5-55	18	28	35	18	28	35	4.13	
1708	20-11-16	6-5	19	31	33	19	31	33	4.13	
1709	20-11-16	6-16	19	31	33	19	31	33	4.13	
1710	20-11-16	6-26	16	28	31	16	28	31	4.13	
1711	20-11-16	6-37	16	27	32	16	27	32	4.13	
1712	20-11-16	6-47	19	29	31	19	29	31	4.13	
1713	20-11-16	6-58	19	31	33	19	31	33	4.13	
1714	20-11-16	7-8	19	31	33	19	31	33	4.13	
1715	20-11-16	7-19	16	28	33	16	28	33	4.13	
1716	20-11-16	7-29	16	24	27	16	24	27	4.13	
1717	20-11-16	7-40	15	22	23	15	22	23	4.13	
1718	20-11-16	7-50	18	30	32	18	30	32	4.13	
1719	20-11-16	8-1	18	28	31	18	28	31	4.13	
1720	20-11-16	8-11	16	25	31	16	25	31	4.13	
1721	20-11-16	8-22	16	29	32	16	29	32	4.13	
1722	20-11-16	8-32	15	26	28	15	26	28	4.13	
1723	20-11-16	8-43	16	25	29	16	25	29	4.13	
1724	20-11-16	8-53	16	26	28	16	26	28	4.13	
1725	20-11-16	9-4	18	28	31	18	28	31	4.13	
1726	20-11-16	9-14	18	28	31	18	28	31	4.13	
1727	20-11-16	9-25	15	23	26	15	23	26	4.13	
1728	20-11-16	9-35	18	29	30	18	29	30	4.13	
1729	20-11-16	9-46	18	27	29	18	27	29	4.13	
1730	20-11-16	9-56	23	33	37	23	33	37	4.13	
1731	20-11-16	10-7	22	33	40	22	33	40	4.13	
1732	20-11-16	10-17	22	33	38	22	33	38	4.13	
1733	20-11-16	10-28	22	37	40	22	37	40	4.13	
1734	20-11-16	10-38	22	35	37	22	35	37	4.13	
1735	20-11-16	10-49	23	36	39	23	36	39	4.13	
1736	20-11-16	10-59	20	32	39	20	32	39	4.13	
1737	20-11-16	11-10	20	31	32	20	31	32	4.13	
1738	20-11-16	11-20	19	29	33	19	29	33	4.13	
1739	20-11-16	11-31	19	29	32	19	29	32	4.13	
1740	20-11-16	11-41	19	33	36	19	33	36	4.13	
1741	20-11-16	11-52	19	29	30	19	29	30	4.13	
1742	20-11-16	12-2	19	28	29	19	28	29	4.13	
1743	20-11-16	12-13	24	37	38	24	37	38	4.13	
1744	20-11-16	12-23	24	40	47	24	38	47	4.13	
1745	20-11-16	12-34	25	37	41	25	37	41	4.13	
1746	20-11-16	12-44	24	37	43	24	37	43	4.13	
1747	20-11-16	12-55	19	36	37	19	36	37	4.13	
1748	20-11-16	13-5	23	33	36	23	33	36	4.13	
1749	20-11-16	13-16	21	32	36	21	32	36	4.13	
1750	20-11-16	13-26	20	32	34	20	32	34	4.13	
1751	20-11-16	13-37	19	32	33	19	32	33	4.13	
1752	20-11-16	13-47	19	28	32	19	28	32	4.13	
1753	20-11-16	13-58	21	33	34	21	33	34	4.13	
1754	20-11-16	14-8	19	30	32	19	30	32	4.13	
1755	20-11-16	14-19	20	31	35	20	31	35	4.13	
1756	20-11-16	14-29	19	29	32	19	29	32	4.13	
1757	20-11-16	14-40	19	26	30	19	26	30	4.13	
1758	20-11-16	14-50	20	31	34	20	31	34	4.13	
1759	20-11-16	15-1	19	29	33	19	29	33	4.13	
1760	20-11-16	15-11	19	28	32	19	28	32	4.13	
1761	20-11-16	15-22	19	28	29	19	28	29	4.13	
1762	20-11-16	15-32	19	29	33	19	29	33	4.13	
1763	20-11-16	15-43	17	26	30	17	26	30	4.13	
1764	20-11-16	15-53	19	28	30	19	28	30	4.13	
1765	20-11-16	16-4	59	83	93	42	61	78	4.13	
1766	20-11-16	16-14	43	63	66	35	52	62	4.13	
1767	20-11-16	16-25	32	47	50	29	43	50	4.13	
1768	20-11-16	16-36	23	34	42	23	34	42	4.13	
1769	20-11-16	16-46	48	70	72	37	55	67	4.13	
1770	20-11-16	16-57	32	46	51	29	42	51	4.13	
1771	20-11-16	17-7	28	40	44	27	38	44	4.13	
1772	20-11-16	17-18	24	37	42	24	37	42	4.13	
1773	20-11-16	17-28	23	33	37	23	33	37	4.13	
1774	20-11-16	17-39	55	82	94	39	60	79	4.13	
1775	20-11-16	17-49	56	83	90	40	60	76	4.13	
1776	20-11-16	18-0	86	130	146	57	85	99	4.13	
1777	20-11-16	18-10	61	94	103	42	65	83	4.13	
1778	20-11-16	18-21	55	81	91	39	60	77	4.13	
1779	20-11-16	18-31	37	56	65	31	48	62	4.13	
1780	20-11-16	18-42	30	49	52	28	44	52	4.13	
1781	20-11-16	18-52	27	41	45	25	39	45	4.13	
1782	20-11-16	19-3	23	33	36	23	33	36	4.13	
1783	20-11-16	19-13	19	29	32	19	29	32	4.13	
1784	20-11-16	19-24	20	32	37	20	32	37	4.13	
1785	20-11-16	19-34	20	31	35	20	31	35	4.13	
1786	20-11-16	19-45	16	29	32	16	29	32	4.13	
1787	20-11-16	19-55	18	28	31	18	28	31	4.13	
1788	20-11-16	20-6	19	32	37	19	32	37	4.13	
1789	20-11-16	20-16	19	31	32	19	31	32	4.13	
1790	20-11-16	20-27	40	60	69	34	51	65	4.13	
1791	20-11-16	20-37	19	30	33	19	30	33	4.13	
1792	20-11-16	20-48	174	290	345	116	192	229	4.13	
1793	20-11-16	20-58	19	33	37	19	33	37	4.13	
1794	20-11-16	21-9	20	35	39	20	35	39	4.13	
1795	20-11-16	21-19	20	35	41	20	35	41	4.13	
1796	20-11-16	21-30	118	184	216	77	122	144	4.13	
1797	20-11-16	21-40	28	43	48	27	41	48	4.13	
1798	20-11-16	21-51	30	47	53	28	43	53	4.13	
1799	20-11-16	22-1	23	38	44	23	38	44	4.13	
1800	20-11-16	22-12	18	30	32	18	30	32	4.13	
1801	20-11-16	22-22	19	30	32	19	30	32	4.13	
1802	20-11-16	22-33	18	29	32	18	29	32	4.13	
1803	20-11-16	22-43	19	32	39	19	32	39	4.13	
1804	20-11-16	22-54	16	26	29	16	26	29	4.13	
1805	20-11-16	23-4	17	30	35	17	30	35	4.13	
1806	20-11-16	23-15	68	107	118	44	70	89	4.13	
1807	20-11-16	23-25	55	86	95	40	62	78	4.13	
1808	20-11-16	23-36	83	122	135	54	80	94	4.13	
1809	20-11-16	23-46	62	92	104	43	63	83	4.13	
1810	20-11-16	23-57	51	76	83	38	58	72	4.13	
1811	20-11-17	0-7	74	112	121	48	74	90	4.13	
1812	20-11-17	0-18	74	110	121	48	73	90	4.13	
1813	20-11-17	0-28	64	100	112	43	66	86	4.13	
1814	20-11-17	0-39	51	75	79	38	57	70	4.13	
1815	20-11-17	0-49	34	48	53	30	44	53	4.13	
1816	20-11-17	1-0	33	48	55	29	44	55	4.13	
1817	20-11-17	1-10	26	39	44	25	38	44	4.13	
1818	20-11-17	1-21	24	35	39	24	35	39	4.13	
1819	20-11-17	1-31	19	30	35	19	30	35	4.13	
1820	20-11-17	1-42	19	30	32	19	30	32	4.13	
1821	20-11-17	1-52	19	28	29	19	28	29	4.13	
1822	20-11-17	2-3	18	27	33	18	27	33	4.13	
1823	20-11-17	2-13	16	29	30	16	29	30	4.13	
1824	20-11-17	2-24	16	25	29	16	25	29	4.13	
1825	20-11-17	2-34	14	25	29	14	25	29	4.13	
1826	20-11-17	2-45	15	24	28	15	24	28	4.13	
1827	20-11-17	2-55	16	27	32	16	27	32	4.13	
1828	20-11-17	3-6	12	23	24	12	23	24	4.13	
1829	20-11-17	3-16	14	24	25	14	24	25	4.13	
1830	20-11-17	3-27	11	20	21	11	20	21	4.13	
1831	20-11-17	3-37	11	21	23	11	21	23	4.13	
1832	20-11-17	3-48	9	16	18	9	16	18	4.13	
1833	20-11-17	3-58	7	14	16	7	14	16	4.13	
1834	20-11-17	4-9	10	15	16	10	15	16	4.13	
1835	20-11-17	4-19	11	21	23	11	21	23	4.13	
1836	20-11-17	4-30	11	19	20	11	19	20	4.13	
1837	20-11-17	4-40	11	20	21	11	20	21	4.13	
1838	20-11-17	4-51	12	20	23	12	20	23	4.13	
1839	20-11-17	5-1	11	20	23	11	20	23	4.13	
1840	20-11-17	5-12	11	19	23	11	19	23	4.13	
1841	20-11-17	5-22	12	20	24	12	20	24	4.13	
1842	20-11-17	5-33	11	19	20	11	19	20	4.13	
1843	20-11-17	5-43	11	18	20	11	18	20	4.13	
1844	20-11-17	5-54	11	20	23	11	20	23	4.13	
1845	20-11-17	6-4	11	19	21	11	19	21	4.13	
1846	20-11-17	6-15	11	18	23	11	18	23	4.13	
1847	20-11-17	6-25	11	19	20	11	19	20	4.13	
1848	20-11-17	6-36	12	16	18	12	16	18	4.13	
1849	20-11-17	6-46	12	21	24	12	21	24	4.13	
1850	20-11-17	6-57	59	87	99	42	63	81	4.13	
1851	20-11-17	7-7	31	47	52	29	43	52	4.13	
1852	20-11-17	7-18	24	38	41	24	38	41	4.13	
1853	20-11-17	7-28	99	159	182	65	105	121	4.13	
1854	20-11-17	7-39	47	69	83	37	55	73	4.13	
1855	20-11-17	7-49	33	51	53	29	46	53	4.13	
1856	20-11-17	8-0	25	34	37	25	34	37	4.13	
1857	20-11-17	8-10	23	33	39	23	33	39	4.13	
1858	20-11-17	8-21	17	28	30	17	28	30	4.13	
1859	20-11-17	8-31	21	28	29	21	28	29	4.13	
1860	20-11-17	8-42	14	24	25	14	24	25	4.13	
1861	20-11-17	8-52	15	24	30	15	24	30	4.13	
1862	20-11-17	9-3	15	23	24	15	23	24	4.13	
1863	20-11-17	9-13	15	21	23	15	21	23	4.13	
1864	20-11-17	9-24	12	20	24	12	20	24	4.13	
1865	20-11-17	9-34	12	19	21	12	19	21	4.13	
1866	20-11-17	9-45	11	15	18	11	15	18	4.13	
1867	20-11-17	9-55	11	16	19	11	16	19	4.13	
1868	20-11-17	10-6	26	37	39	25	37	39	4.13	
1869	20-11-17	10-16	17	24	26	17	24	26	4.13	
1870	20-11-17	10-27	10	15	16	10	15	16	4.13	
1871	20-11-17	10-37	17	24	26	17	24	26	4.13	
1872	20-11-17	10-48	46	71	76	36	55	68	4.13	
1873	20-11-17	10-58	40	61	68	34	50	63	4.13	
1874	20-11-17	11-9	31	47	53	29	43	53	4.13	
1875	20-11-17	11-20	29	44	45	28	42	45	4.13	
1876	20-11-17	11-30	26	35	44	25	35	44	4.13	
1877	20-11-17	11-41	21	30	31	21	30	31	4.13	
1878	20-11-17	11-51	20	28	29	20	28	29	4.13	
1879	20-11-17	12-2	19	28	30	19	28	30	4.13	
1880	20-11-17	12-12	19	25	26	19	25	26	4.13	
1881	20-11-17	12-23	16	24	25	16	24	25	4.13	
1882	20-11-17	12-33	14	20	23	14	20	23	4.13	
1883	20-11-17	12-44	32	48	51	29	45	51	4.13	
1884	20-11-17	12-54	42	60	70	34	51	65	4.13	
1885	20-11-17	13-5	34	49	56	30	44	56	4.13	
1886	20-11-17	13-15	28	41	46	26	39	46	4.13	
1887	20-11-17	13-26	45	68	77	35	54	70	4.13	
1888	20-11-17	13-36	20	29	31	20	29	31	4.13	
1889	20-11-17	13-47	20	28	30	20	28	30	4.13	
1890	20-11-17	13-57	15	22	24	15	22	24	4.13	
1891	20-11-17	14-8	15	22	24	15	22	24	4.13	
1892	20-11-17	14-18	15	20	21	15	20	21	4.13	
1893	20-11-17	14-29	14	21	25	14	21	25	4.13	
1894	20-11-17	14-39	15	22	25	15	22	25	4.13	
1895	20-11-17	14-50	15	23	23	15	23	23	4.13	
1896	20-11-17	15-0	15	21	25	15	21	25	4.13	
1897	20-11-17	15-11	12	19	20	12	19	20	4.13	
1898	20-11-17	15-21	12	17	19	12	17	19	4.13	
1899	20-11-17	15-32	12	19	19	12	19	19	4.13	
1900	20-11-17	15-42	12	19	21	12	19	21	4.13	
1901	20-11-17	15-53	12	17	17	12	17	17	4.13	
1902	20-11-17	16-3	11	17	17	11	17	17	4.13	
1903	20-11-17	16-14	11	19	20	11	19	20	4.13	
1904	20-11-17	16-24	11	15	15	11	15	15	4.13	
1905	20-11-17	16-35	11	16	17	11	16	17	4.13	
1906	20-11-17	16-45	10	14	17	10	14	17	4.13	
1907	20-11-17	16-56	10	14	15	10	14	15	4.13	
1908	20-11-17	17-6	10	14	15	10	14	15	4.13	
1909	20-11-17	17-17	8	15	15	8	15	15	4.13	
1910	20-11-17	17-27	10	14	14	10	14	14	4.13	
1911	20-11-17	17-38	11	16	16	11	16	16	4.13	
1912	20-11-17	17-48	11	17	19	11	17	19	4.13	
1913	20-11-17	17-59	12	19	19	12	19	19	4.13	
1914	20-11-17	18-9	12	18	21	12	18	21	4.13	
1915	20-11-17	18-20	21	32	36	21	32	36	4.13	
1916	20-11-17	18-30	54	81	87	39	60	74	4.13	
1917	20-11-17	18-41	24	36	38	24	36	38	4.13	
1918	20-11-17	18-51	20	29	33	20	29	33	4.13	
1919	20-11-17	19-2	14	20	21	14	20	21	4.13	
1920	20-11-17	19-12	10	14	16	10	14	16	4.13	
1921	20-11-17	19-23	11	16	18	11	16	18	4.13	
1922	20-11-17	19-33	11	15	16	11	15	16	4.13	
1923	20-11-17	19-44	9	12	12	9	12	12	4.13	
1924	20-11-17	19-54	9	14	14	9	14	14	4.13	
1925	20-11-17	20-5	7	11	14	7	11	14	4.13	
1926	20-11-17	20-15	7	9	9	7	9	9	4.13	
1927	20-11-17	20-26	7	10	10	7	10	10	4.13	
1928	20-11-17	20-36	6	10	11	6	10	11	4.13	
1929	20-11-17	20-47	6	9	9	6	9	9	4.13	
1930	20-11-17	20-57	6	9	9	6	9	9	4.13	
1931	20-11-17	21-8	5	7	7	5	7	7	4.13	
1932	20-11-17	21-18	5	9	10	5	9	10	4.13	
1933	20-11-17	21-29	6	9	10	6	9	10	4.13	
1934	20-11-17	21-39	6	10	11	6	10	11	4.13	
1935	20-11-17	21-50	3	6	10	3	6	10	4.13	
1936	20-11-17	22-0	5	7	7	5	7	7	4.13	
1937	20-11-17	22-11	3	6	7	3	6	7	4.13	
1938	20-11-17	22-21	6	7	9	6	7	9	4.13	
1939	20-11-17	22-32	5	6	6	5	6	6	4.13	
1940	20-11-17	22-42	30	45	50	28	42	50	4.13	
1941	20-11-17	22-53	23	33	39	23	33	39	4.13	
1942	20-11-17	23-3	12	15	16	12	15	16	4.13	
1943	20-11-17	23-14	40	60	70	34	51	65	4.13	
1944	20-11-17	23-24	29	44	48	28	42	48	4.13	
1945	20-11-17	23-35	19	30	34	19	30	34	4.13	
1946	20-11-17	23-45	15	22	28	15	22	28	4.13	
1947	20-11-17	23-56	10	16	16	10	16	16	4.13	
1948	20-11-18	0-6	6	11	15	6	11	15	4.13	
1949	20-11-18	0-17	8	12	12	8	12	12	4.13	
1950	20-11-18	0-27	6	10	11	6	10	11	4.13	
1951	20-11-18	0-38	45	69	87	35	55	74	4.13	
1952	20-11-18	0-48	47	68	78	36	54	69	4.13	
1953	20-11-18	0-59	37	59	64	32	50	61	4.13	
1954	20-11-18	1-9	26	39	42	25	37	42	4.13	
1955	20-11-18	1-20	20	31	32	20	31	32	4.13	
1956	20-11-18	1-30	16	22	23	16	22	23	4.13	
1957	20-11-18	1-41	22	32	36	22	32	36	4.13	
1958	20-11-18	1-51	35	54	61	30	47	59	4.13	
1959	20-11-18	2-2	29	41	44	27	40	44	4.13	
1960	20-11-18	2-12	21	31	36	21	31	36	4.13	
1961	20-11-18	2-23	8	13	15	8	13	15	4.13	
1962	20-11-18	2-33	11	15	15	11	15	15	4.13	
1963	20-11-18	2-44	7	12	13	7	12	13	4.13	
1964	20-11-18	2-54	7	10	10	7	10	10	4.13	
1965	20-11-18	3-5	6	10	10	6	10	10	4.13	
1966	20-11-18	3-15	5	7	7	5	7	7	4.13	
1967	20-11-18	3-26	5	7	7	5	7	7	4.13	
1968	20-11-18	3-36	6	7	10	6	7	10	4.13	
1969	20-11-18	3-47	3	6	7	3	6	7	4.13	
1970	20-11-18	3-57	5	7	7	5	7	7	4.13	
1971	20-11-18	4-8	5	7	7	5	7	7	4.13	
1972	20-11-18	4-18	3	6	8	3	6	8	4.13	
1973	20-11-18	4-29	6	10	11	6	10	11	4.13	
1974	20-11-18	4-39	5	6	8	5	6	8	4.13	
1975	20-11-18	4-50	6	8	10	6	8	10	4.13	
1976	20-11-18	5-0	5	8	11	5	8	11	4.13	
1977	20-11-18	5-11	5	8	10	5	8	10	4.13	
1978	20-11-18	5-21	6	10	10	6	10	10	4.13	
1979	20-11-18	5-32	5	8	8	5	8	8	4.13	
1980	20-11-18	5-42	5	8	11	5	8	11	4.13	
1981	20-11-18	5-53	5	7	10	5	7	10	4.13	
1982	20-11-18	6-3	5	7	8	5	7	8	4.13	
1983	20-11-18	6-14	6	8	11	6	8	11	4.13	
1984	20-11-18	6-24	6	8	10	6	8	10	4.13	
1985	20-11-18	6-35	5	7	9	5	7	9	4.13	
1986	20-11-18	6-45	5	7	9	5	7	9	4.13	
1987	20-11-18	6-56	5	7	9	5	7	9	4.13	
1988	20-11-18	7-7	6	10	11	6	10	11	4.13	
1989	20-11-18	7-17	6	10	11	6	10	11	4.13	
1990	20-11-18	7-28	6	8	10	6	8	10	4.13	
1991	20-11-18	7-38	5	6	6	5	6	6	4.13	
1992	20-11-18	7-49	6	10	11	6	10	11	4.13	
1993	20-11-18	7-59	7	11	12	7	11	12	4.13	
1994	20-11-18	8-10	6	10	11	6	10	11	4.13	
1995	20-11-18	8-20	6	8	12	6	8	12	4.13	
1996	20-11-18	8-31	5	7	7	5	7	7	4.13	
1997	20-11-18	8-41	6	8	10	6	8	10	4.13	
1998	20-11-18	8-52	6	8	12	6	8	12	4.13	
1999	20-11-18	9-2	5	7	7	5	7	7	4.13	
2000	20-11-18	9-13	5	6	7	5	6	7	4.13	
2001	20-11-18	9-23	6	10	12	6	10	12	4.13	
2002	20-11-18	9-34	6	10	11	6	10	11	4.13	
2003	20-11-18	9-44	7	10	11	7	10	11	4.13	
2004	20-11-18	9-55	6	8	11	6	8	11	4.13	
2005	20-11-18	10-5	8	13	13	8	13	13	4.13	
2006	20-11-18	10-16	7	11	11	7	11	11	4.13	
2007	20-11-18	10-26	8	11	13	8	11	13	4.13	
2008	20-11-18	10-37	8	11	11	8	11	11	4.13	
2009	20-11-18	10-47	10	12	12	10	12	12	4.13	
2010	20-11-18	10-58	10	13	17	10	13	17	4.13	
2011	20-11-19	9-1	35	51	61	31	45	60	4.17	
2012	20-11-19	9-5	31	49	54	29	44	54	4.16	
2013	20-11-19	9-6	38	59	65	31	48	60	4.17	
