数据排序	年月日	时分	PM1.0(标)	PM2.5(标)	PM10(标)	PM1.0(气)	PM2.5(气)	PM10(气)	电压	
0	20-10-29	22-56	8	18	18	8	18	18	4.39	
1	20-10-29	23-9	15	27	35	15	27	35	4.39	
2	20-10-29	23-14	16	32	37	16	32	37	4.39	
3	20-10-29	23-20	17	28	34	17	28	34	4.39	
4	20-10-29	23-25	18	31	31	18	31	31	4.39	
5	20-10-29	23-31	20	30	33	20	30	33	4.39	
6	20-10-29	23-36	20	31	35	20	31	35	4.39	
7	20-10-29	23-42	20	30	33	20	30	33	4.39	
8	20-10-29	23-47	16	25	26	16	25	26	4.39	
9	20-10-29	23-53	20	30	35	20	30	35	4.39	
10	20-10-29	23-58	20	31	36	20	31	36	4.39	
11	20-10-30	0-4	21	31	38	21	31	38	4.39	
12	20-10-30	0-9	20	30	31	20	30	31	4.39	
13	20-10-30	0-15	20	31	38	20	31	38	4.39	
14	20-10-30	0-20	16	26	28	16	26	28	4.39	
15	20-10-30	0-26	16	23	25	16	23	25	4.39	
16	20-10-30	0-31	18	28	30	18	28	30	4.39	
17	20-10-30	0-37	16	28	38	16	28	38	4.39	
18	20-10-30	0-42	17	27	28	17	27	28	4.39	
19	20-10-30	0-48	19	31	39	19	31	39	4.39	
20	20-10-30	0-53	17	28	31	17	28	31	4.39	
21	20-10-30	0-59	17	26	33	17	26	33	4.39	
22	20-10-30	1-4	17	28	34	17	28	34	4.39	
23	20-10-30	1-10	15	26	28	15	26	28	4.39	
24	20-10-30	1-15	18	29	31	18	29	31	4.39	
25	20-10-30	1-21	18	32	34	18	32	34	4.39	
26	20-10-30	1-26	18	29	38	18	29	38	4.39	
27	20-10-30	1-32	17	32	34	17	32	34	4.39	
28	20-10-30	1-37	21	30	32	21	30	32	4.39	
29	20-10-30	1-43	20	32	33	20	32	33	4.39	
30	20-10-30	1-48	23	38	42	23	38	42	4.39	
31	20-10-30	1-54	19	31	33	19	31	33	4.37	
32	20-10-30	1-59	19	36	41	19	36	41	4.38	
33	20-10-30	2-5	19	36	44	19	36	44	4.38	
34	20-10-30	2-10	21	34	43	21	34	43	4.35	
35	20-10-30	2-16	22	34	40	22	34	40	4.35	
36	20-10-30	2-21	22	40	43	22	40	43	4.34	
37	20-10-30	2-27	22	33	37	22	33	37	4.35	
38	20-10-30	2-32	22	34	37	22	34	37	4.34	
39	20-10-30	2-38	24	36	43	24	36	43	4.31	
40	20-10-30	2-43	19	33	37	19	33	37	4.32	
41	20-10-30	2-49	22	35	46	22	35	46	4.39	
42	20-10-30	2-54	22	34	39	22	34	39	4.28	
43	20-10-30	3-0	21	31	33	21	31	33	4.30	
44	20-10-30	3-5	20	32	37	20	32	37	4.29	
45	20-10-30	3-11	20	32	34	20	32	34	4.27	
46	20-10-30	3-16	20	34	38	20	34	38	4.26	
47	20-10-30	3-22	23	38	44	23	38	44	4.25	
48	20-10-30	3-27	24	39	42	24	39	42	4.36	
49	20-10-30	3-33	22	35	39	22	35	39	4.37	
50	20-10-30	3-38	20	34	37	20	34	37	4.23	
51	20-10-30	3-44	23	37	41	23	37	41	4.21	
52	20-10-30	3-49	21	41	46	21	41	46	4.21	
53	20-10-30	3-55	24	36	39	24	36	39	4.21	
54	20-10-30	4-0	20	33	36	20	33	36	4.21	
55	20-10-30	4-6	20	33	37	20	33	37	4.21	
56	20-10-30	4-11	27	39	42	27	39	42	4.21	
57	20-10-30	4-17	20	35	39	20	35	39	4.21	
58	20-10-30	4-22	21	34	42	21	34	42	4.21	
59	20-10-30	4-28	26	45	50	26	44	50	4.21	
60	20-10-30	4-33	24	40	45	24	40	45	4.21	
61	20-10-30	4-39	24	40	47	24	40	47	4.21	
62	20-10-30	4-44	23	40	43	23	40	43	4.21	
63	20-10-30	4-50	23	39	44	23	39	44	4.21	
64	20-10-30	4-55	23	40	45	23	40	45	4.21	
65	20-10-30	5-1	26	39	43	26	39	43	4.21	
66	20-10-30	5-6	29	45	46	28	43	46	4.21	
67	20-10-30	5-12	25	40	50	25	40	50	4.21	
68	20-10-30	5-17	26	38	39	26	38	39	4.21	
69	20-10-30	5-23	25	41	47	25	41	47	4.22	
70	20-10-30	5-28	29	41	48	28	41	48	4.21	
71	20-10-30	5-34	25	44	48	25	42	48	4.21	
72	20-10-30	5-39	25	41	48	25	41	48	4.21	
73	20-10-30	5-45	24	42	45	24	42	45	4.21	
74	20-10-30	5-50	28	44	48	28	43	48	4.21	
75	20-10-30	5-56	25	43	45	25	43	45	4.21	
76	20-10-30	6-1	27	41	48	27	41	48	4.21	
77	20-10-30	6-7	26	45	52	26	43	52	4.23	
78	20-10-30	6-12	27	44	46	27	43	46	4.21	
79	20-10-30	6-18	25	46	57	25	44	57	4.21	
80	20-10-30	6-23	31	49	57	30	46	57	4.21	
81	20-10-30	6-29	32	48	55	30	46	55	4.22	
82	20-10-30	6-34	30	56	67	29	51	65	4.22	
83	20-10-30	6-40	35	60	67	32	52	65	4.22	
84	20-10-30	6-45	29	46	50	29	45	50	4.22	
85	20-10-30	6-51	33	55	65	32	51	65	4.22	
86	20-10-30	6-56	29	48	53	29	46	53	4.21	
87	20-10-30	7-2	30	50	56	29	48	56	4.22	
88	20-10-30	7-7	30	46	50	29	45	50	4.22	
89	20-10-30	7-13	31	53	58	30	49	58	4.21	
90	20-10-30	7-18	29	43	49	29	43	49	4.22	
91	20-10-30	7-24	30	45	46	29	43	46	4.21	
92	20-10-30	7-30	24	43	46	24	43	46	4.22	
93	20-10-30	7-35	27	43	45	27	43	45	4.22	
94	20-10-30	7-41	29	50	56	29	47	56	4.22	
95	20-10-30	7-46	30	53	63	29	49	63	4.21	
96	20-10-30	7-52	27	46	52	27	45	52	4.25	
97	20-10-30	7-57	24	37	44	24	37	44	4.22	
98	20-10-30	8-3	21	36	37	21	36	37	4.21	
99	20-10-30	8-8	17	27	29	17	27	29	4.21	
100	20-10-30	8-14	15	24	30	15	24	30	4.21	
101	20-10-30	8-19	14	22	25	14	22	25	4.21	
102	20-10-30	8-25	15	25	30	15	25	30	4.21	
103	20-10-30	8-30	10	17	18	10	17	18	4.21	
104	20-10-30	8-36	10	15	15	10	15	15	4.21	
105	20-10-30	8-41	9	18	27	9	18	27	4.21	
106	20-10-30	8-47	11	18	21	11	18	21	4.21	
107	20-10-30	8-52	7	14	17	7	14	17	4.21	
108	20-10-30	8-58	10	18	20	10	18	20	4.21	
109	20-10-30	9-3	8	12	14	8	12	14	4.21	
110	20-10-30	9-9	7	12	14	7	12	14	4.21	
111	20-10-30	9-14	8	17	19	8	17	19	4.21	
112	20-10-30	9-20	7	14	14	7	14	14	4.21	
113	20-10-30	9-25	7	12	12	7	12	12	4.21	
114	20-10-30	9-31	5	11	11	5	11	11	4.21	
115	20-10-30	9-36	7	11	12	7	11	12	4.21	
116	20-10-30	9-42	7	15	17	7	15	17	4.21	
117	20-10-30	9-47	7	14	15	7	14	15	4.21	
118	20-10-30	9-53	7	12	17	7	12	17	4.21	
119	20-10-30	9-58	4	9	14	4	9	14	4.21	
120	20-10-30	10-4	7	12	14	7	12	14	4.21	
121	20-10-30	10-9	5	8	8	5	8	8	4.21	
122	20-10-30	10-15	7	12	15	7	12	15	4.21	
123	20-10-30	10-20	5	9	9	5	9	9	4.21	
124	20-10-30	10-26	4	9	11	4	9	11	4.21	
125	20-10-30	10-31	4	9	17	4	9	17	4.21	
126	20-10-30	10-37	4	11	12	4	11	12	4.21	
127	20-10-30	10-42	4	9	12	4	9	12	4.21	
128	20-10-30	10-48	5	12	12	5	12	12	4.21	
129	20-10-30	10-53	5	11	11	5	11	11	4.21	
130	20-10-30	10-59	4	8	9	4	8	9	4.21	
131	20-10-30	11-4	7	12	14	7	12	14	4.21	
132	20-10-30	11-10	5	12	17	5	12	17	4.21	
133	20-10-30	11-15	8	14	15	8	14	15	4.21	
134	20-10-30	11-21	8	18	21	8	18	21	4.21	
135	20-10-30	11-26	8	12	14	8	12	14	4.21	
136	20-10-30	11-32	9	19	22	9	19	22	4.21	
137	20-10-30	11-37	9	17	17	9	17	17	4.21	
138	20-10-30	11-43	9	21	25	9	21	25	4.22	
139	20-10-30	11-48	11	21	24	11	21	24	4.21	
140	20-10-30	11-54	9	18	18	9	18	18	4.21	
141	20-10-30	11-59	12	21	26	12	21	26	4.21	
142	20-10-30	12-5	11	18	21	11	18	21	4.21	
143	20-10-30	12-10	11	19	24	11	19	24	4.21	
144	20-10-30	12-16	8	15	16	8	15	16	4.21	
145	20-10-30	12-21	8	14	18	8	14	18	4.21	
146	20-10-30	12-27	7	14	14	7	14	14	4.21	
147	20-10-30	12-32	8	15	18	8	15	18	4.21	
148	20-10-30	12-38	7	15	17	7	15	17	4.21	
149	20-10-30	12-43	7	12	18	7	12	18	4.21	
150	20-10-30	12-49	7	14	16	7	14	16	4.21	
151	20-10-30	12-54	5	12	15	5	12	15	4.21	
152	20-10-30	13-0	5	15	16	5	15	16	4.21	
153	20-10-30	13-5	7	14	15	7	14	15	4.21	
154	20-10-30	13-11	5	14	15	5	14	15	4.21	
155	20-10-30	13-16	7	15	19	7	15	19	4.21	
156	20-10-30	13-22	5	9	11	5	9	11	4.21	
157	20-10-30	13-27	5	11	12	5	11	12	4.21	
158	20-10-30	13-33	8	18	21	8	18	21	4.21	
159	20-10-30	13-38	7	12	15	7	12	15	4.21	
160	20-10-30	13-44	5	9	11	5	9	11	4.21	
161	20-10-30	13-49	7	12	14	7	12	14	4.21	
162	20-10-30	13-55	8	15	19	8	15	19	4.21	
163	20-10-30	14-0	5	9	11	5	9	11	4.21	
164	20-10-30	14-6	4	11	12	4	11	12	4.21	
165	20-10-30	14-11	5	12	13	5	12	13	4.21	
166	20-10-30	14-17	5	11	11	5	11	11	4.21	
167	20-10-30	14-22	7	11	12	7	11	12	4.21	
168	20-10-30	14-28	5	9	9	5	9	9	4.21	
169	20-10-30	14-33	8	13	13	8	13	13	4.21	
170	20-10-30	14-39	5	12	13	5	12	13	4.21	
171	20-10-30	14-44	5	12	13	5	12	13	4.21	
172	20-10-30	14-50	6	12	13	6	12	13	4.21	
173	20-10-30	14-55	5	9	12	5	9	12	4.21	
174	20-10-30	15-1	5	13	13	5	13	13	4.21	
175	20-10-30	15-6	6	11	12	6	11	12	4.21	
176	20-10-30	15-12	6	12	13	6	12	13	4.21	
177	20-10-30	15-17	6	13	16	6	13	16	4.21	
178	20-10-30	15-23	6	13	15	6	13	15	4.21	
179	20-10-30	15-28	5	11	11	5	11	11	4.21	
180	20-10-30	15-34	4	9	12	4	9	12	4.20	
181	20-10-30	15-39	5	11	12	5	11	12	4.21	
182	20-10-30	15-45	6	13	13	6	13	13	4.21	
183	20-10-30	15-50	6	12	12	6	12	12	4.20	
184	20-10-30	15-56	4	9	11	4	9	11	4.21	
185	20-10-30	16-1	4	12	12	4	12	12	4.21	
186	20-10-30	16-7	5	9	9	5	9	9	4.21	
187	20-10-30	16-12	4	9	11	4	9	11	4.21	
188	20-10-30	16-18	7	12	15	7	12	15	4.21	
189	20-10-30	16-23	4	9	11	4	9	11	4.21	
190	20-10-30	16-29	7	12	12	7	12	12	4.21	
191	20-10-30	16-34	5	11	12	5	11	12	4.21	
192	20-10-30	16-40	7	12	12	7	12	12	4.21	
193	20-10-30	16-45	8	16	18	8	16	18	4.21	
194	20-10-30	16-51	5	12	12	5	12	12	4.21	
195	20-10-30	16-57	5	14	18	5	14	18	4.21	
196	20-10-30	17-2	7	12	14	7	12	14	4.21	
197	20-10-30	17-8	7	11	12	7	11	12	4.21	
198	20-10-30	17-13	5	11	12	5	11	12	4.21	
199	20-10-30	17-19	5	11	14	5	11	14	4.21	
200	20-10-30	17-24	7	12	14	7	12	14	4.21	
201	20-10-30	17-30	8	15	20	8	15	20	4.21	
202	20-10-30	17-35	7	14	17	7	14	17	4.21	
203	20-10-30	17-41	8	15	20	8	15	20	4.21	
204	20-10-30	17-46	8	14	18	8	14	18	4.21	
205	20-10-30	17-52	8	14	14	8	14	14	4.21	
206	20-10-30	17-57	7	15	18	7	15	18	4.21	
207	20-10-30	18-3	7	13	14	7	13	14	4.21	
208	20-10-30	18-8	8	14	20	8	14	20	4.21	
209	20-10-30	18-14	7	14	17	7	14	17	4.21	
210	20-10-30	18-19	8	15	15	8	15	15	4.21	
211	20-10-30	18-25	8	15	17	8	15	17	4.21	
212	20-10-30	18-30	8	15	18	8	15	18	4.21	
213	20-10-30	18-36	8	15	15	8	15	15	4.21	
214	20-10-30	18-41	8	15	20	8	15	20	4.21	
215	20-10-30	18-47	7	13	14	7	13	14	4.21	
216	20-10-30	18-52	7	13	14	7	13	14	4.21	
217	20-10-30	18-58	8	16	17	8	16	17	4.21	
218	20-10-30	19-3	10	18	18	10	18	18	4.21	
219	20-10-30	19-9	11	18	20	11	18	20	4.21	
220	20-10-30	19-14	10	17	17	10	17	17	4.21	
221	20-10-30	19-20	10	17	20	10	17	20	4.21	
222	20-10-30	19-25	10	18	21	10	18	21	4.21	
223	20-10-30	19-31	10	17	18	10	17	18	4.21	
224	20-10-30	19-36	11	17	18	11	17	18	4.21	
225	20-10-30	19-42	10	20	21	10	20	21	4.21	
226	20-10-30	19-47	13	23	24	13	23	24	4.21	
227	20-10-30	19-53	12	18	20	12	18	20	4.21	
228	20-10-30	19-58	11	20	23	11	20	23	4.21	
229	20-10-30	20-4	11	18	23	11	18	23	4.21	
230	20-10-30	20-9	12	21	24	12	21	24	4.21	
231	20-10-30	20-15	12	18	20	12	18	20	4.20	
232	20-10-30	20-20	12	24	27	12	24	27	4.21	
233	20-10-30	20-26	12	21	25	12	21	25	4.20	
234	20-10-30	20-31	14	24	25	14	24	25	4.20	
235	20-10-30	20-37	14	23	24	14	23	24	4.20	
236	20-10-30	20-42	14	23	24	14	23	24	4.20	
237	20-10-30	20-48	15	27	28	15	27	28	4.20	
238	20-10-30	20-53	17	27	31	17	27	31	4.20	
239	20-10-30	20-59	14	26	28	14	26	28	4.20	
240	20-10-30	21-4	14	24	30	14	24	30	4.20	
241	20-10-30	21-10	15	26	28	15	26	28	4.20	
242	20-10-30	21-15	15	24	30	15	24	30	4.20	
243	20-10-30	21-21	13	21	24	13	21	24	4.20	
244	20-10-30	21-26	14	26	27	14	26	27	4.20	
245	20-10-30	21-32	14	23	29	14	23	29	4.20	
246	20-10-30	21-37	15	27	34	15	27	34	4.20	
247	20-10-30	21-43	14	22	28	14	22	28	4.23	
248	20-10-30	21-48	14	22	22	14	22	22	4.22	
249	20-10-30	21-54	16	25	26	16	25	26	4.22	
250	20-10-30	21-59	16	23	26	16	23	26	4.22	
251	20-10-30	22-5	13	20	22	13	20	22	4.22	
252	20-10-30	22-10	14	23	29	14	23	29	4.22	
253	20-10-30	22-16	14	25	26	14	25	26	4.21	
254	20-10-30	22-21	17	26	35	17	26	35	4.22	
255	20-10-30	22-27	19	31	44	19	31	44	4.22	
256	20-10-30	22-32	25	42	53	25	42	53	4.22	
257	20-10-30	22-38	19	32	41	19	32	41	4.22	
258	20-10-30	22-43	22	33	41	22	33	41	4.21	
259	20-10-30	22-49	19	30	38	19	30	38	4.21	
260	20-10-30	22-54	17	26	29	17	26	29	4.21	
261	20-10-30	23-0	16	25	33	16	25	33	4.23	
262	20-10-30	23-5	16	25	29	16	25	29	4.21	
263	20-10-30	23-11	16	26	29	16	26	29	4.22	
264	20-10-30	23-16	14	23	28	14	23	28	4.21	
265	20-10-30	23-22	16	25	29	16	25	29	4.22	
266	20-10-30	23-27	16	28	28	16	28	28	4.21	
267	20-10-30	23-41	12	18	18	12	18	18	4.25	
268	20-11-3	23-59	4	11	14	4	11	14	4.16	
269	20-11-4	0-2	4	9	12	4	9	12	4.16	
270	20-11-4	0-3	0	0	0	0	0	0	4.23	
271	20-11-4	0-9	0	0	0	0	0	0	4.16	
272	20-11-4	0-19	4	9	14	4	9	14	4.15	
273	20-11-4	0-30	4	8	9	4	8	9	4.15	
274	20-11-4	0-40	4	10	12	4	10	12	4.15	
275	20-11-4	0-51	4	9	13	4	9	13	4.14	
276	20-11-4	1-2	4	8	8	4	8	8	4.14	
277	20-11-4	1-12	5	10	13	5	10	13	4.14	
278	20-11-4	1-23	7	14	19	7	14	19	4.13	
279	20-11-4	1-33	5	10	12	5	10	12	4.14	
280	20-11-4	1-44	5	11	13	5	11	13	4.13	
281	20-11-4	1-54	3	7	7	3	7	7	4.14	
282	20-11-4	2-5	3	9	13	3	9	13	4.13	
283	20-11-4	2-15	3	7	7	3	7	7	4.13	
284	20-11-4	2-26	5	9	10	5	9	10	4.13	
285	20-11-4	2-36	3	7	9	3	7	9	4.12	
286	20-11-4	2-47	3	7	7	3	7	7	4.12	
287	20-11-4	2-57	5	9	11	5	9	11	4.12	
288	20-11-4	3-8	5	9	10	5	9	10	4.12	
289	20-11-4	3-18	5	9	10	5	9	10	4.12	
290	20-11-4	3-29	5	9	10	5	9	10	4.12	
291	20-11-4	3-40	5	9	10	5	9	10	4.11	
292	20-11-4	3-50	5	10	11	5	10	11	4.11	
293	20-11-4	4-1	3	7	9	3	7	9	4.11	
294	20-11-4	4-11	5	9	10	5	9	10	4.11	
295	20-11-4	4-22	5	9	11	5	9	11	4.10	
296	20-11-4	4-32	5	10	11	5	10	11	4.10	
297	20-11-4	4-43	6	10	10	6	10	10	4.10	
298	20-11-4	4-53	5	9	9	5	9	9	4.10	
299	20-11-4	5-4	6	9	9	6	9	9	4.10	
300	20-11-4	5-14	5	9	9	5	9	9	4.07	
301	20-11-4	5-25	5	9	9	5	9	9	4.10	
302	20-11-4	5-35	6	11	14	6	11	14	4.09	
303	20-11-4	5-46	5	9	10	5	9	10	4.09	
304	20-11-4	5-56	6	11	13	6	11	13	4.09	
305	20-11-4	6-7	6	11	15	6	11	15	4.10	
306	20-11-4	6-18	7	13	14	7	13	14	4.09	
307	20-11-4	6-28	5	10	10	5	10	10	4.09	
308	20-11-4	6-39	6	13	15	6	13	15	4.08	
309	20-11-4	6-49	6	11	13	6	11	13	4.08	
310	20-11-4	7-0	6	13	17	6	13	17	4.08	
311	20-11-4	7-10	7	14	18	7	14	18	4.08	
312	20-11-4	7-21	9	15	17	9	15	17	4.09	
313	20-11-4	7-31	9	14	17	9	14	17	4.08	
314	20-11-4	7-42	9	17	24	9	17	24	4.08	
315	20-11-4	7-52	9	16	17	9	16	17	4.05	
316	20-11-4	8-3	9	17	17	9	17	17	4.06	
317	20-11-4	8-13	8	13	14	8	13	14	4.07	
318	20-11-4	8-24	10	18	21	10	18	21	4.07	
319	20-11-4	8-34	10	16	20	10	16	20	4.08	
320	20-11-4	8-45	9	14	17	9	14	17	4.07	
321	20-11-4	8-56	12	17	20	12	17	20	4.06	
322	20-11-4	9-6	10	16	17	10	16	17	4.07	
323	20-11-4	9-17	8	14	14	8	14	14	4.06	
324	20-11-4	9-27	8	14	16	8	14	16	4.04	
325	20-11-4	9-38	8	13	13	8	13	13	4.06	
326	20-11-4	9-48	9	16	17	9	16	17	4.06	
327	20-11-4	9-59	8	10	14	8	10	14	4.07	
328	20-11-4	10-9	8	12	13	8	12	13	4.06	
329	20-11-4	10-20	8	16	17	8	16	17	4.06	
330	20-11-4	10-30	8	13	14	8	13	14	4.05	
331	20-11-4	10-41	6	14	14	6	14	14	4.06	
332	20-11-4	10-51	8	12	12	8	12	12	4.06	
333	20-11-4	11-2	8	13	13	8	13	13	4.04	
334	20-11-4	11-13	9	14	16	9	14	16	4.05	
335	20-11-4	11-23	6	13	14	6	13	14	4.05	
336	20-11-4	11-34	6	14	16	6	14	16	4.05	
337	20-11-4	11-44	9	14	17	9	14	17	4.05	
338	20-11-4	11-55	8	12	14	8	12	14	4.05	
339	20-11-4	12-5	8	14	16	8	14	16	4.05	
340	20-11-4	12-16	9	18	20	9	18	20	4.03	
341	20-11-4	12-26	10	17	21	10	17	21	4.05	
342	20-11-4	12-37	9	18	20	9	18	20	4.05	
343	20-11-4	12-47	10	17	21	10	17	21	4.05	
344	20-11-4	12-58	9	17	20	9	17	20	4.05	
345	20-11-4	13-8	8	14	18	8	14	18	4.05	
346	20-11-4	13-19	8	14	16	8	14	16	4.04	
347	20-11-4	13-29	9	16	20	9	16	20	4.04	
348	20-11-4	13-40	9	19	23	9	19	23	4.04	
349	20-11-4	13-51	9	19	20	9	19	20	4.03	
350	20-11-4	14-1	9	16	17	9	16	17	4.04	
351	20-11-4	14-12	10	19	21	10	19	21	4.04	
352	20-11-4	14-22	12	20	24	12	20	24	4.04	
353	20-11-4	14-33	9	16	17	9	16	17	4.03	
354	20-11-4	14-43	9	14	16	9	14	16	4.04	
355	20-11-4	14-54	8	14	17	8	14	17	4.04	
356	20-11-4	15-4	6	13	13	6	13	13	4.03	
357	20-11-4	15-15	6	13	14	6	13	14	4.04	
358	20-11-4	15-25	8	14	16	8	14	16	4.03	
359	20-11-4	15-36	6	12	13	6	12	13	4.04	
360	20-11-4	15-46	6	10	10	6	10	10	4.04	
361	20-11-4	15-57	6	13	14	6	13	14	4.03	
362	20-11-4	16-8	6	14	14	6	14	14	4.04	
363	20-11-4	16-18	8	14	17	8	14	17	4.03	
364	20-11-4	16-29	6	10	12	6	10	12	4.03	
365	20-11-4	16-39	4	10	10	4	10	10	4.02	
366	20-11-4	16-50	5	10	12	5	10	12	4.04	
367	20-11-4	17-0	6	12	12	6	12	12	4.04	
368	20-11-4	17-11	6	12	12	6	12	12	4.03	
369	20-11-4	17-21	5	9	9	5	9	9	4.03	
370	20-11-4	17-32	8	12	12	8	12	12	4.02	
371	20-11-4	17-42	5	10	12	5	10	12	4.03	
372	20-11-4	17-53	5	10	14	5	10	14	4.01	
373	20-11-4	18-3	6	12	13	6	12	13	4.03	
374	20-11-4	18-14	4	13	16	4	13	16	4.03	
375	20-11-4	18-24	5	11	11	5	11	11	4.03	
376	20-11-4	18-35	8	15	17	8	15	17	4.03	
377	20-11-4	18-46	0	0	0	0	0	0	4.02	
378	20-11-4	18-56	0	0	0	0	0	0	4.03	
379	20-11-4	19-7	0	0	0	0	0	0	4.02	
380	20-11-4	19-17	5	10	10	5	10	10	4.02	
381	20-11-4	19-28	6	10	12	6	10	12	4.02	
382	20-11-4	19-34	6	8	10	6	8	10	4.03	
383	20-11-4	19-44	5	10	10	5	10	10	4.03	
384	20-11-4	19-55	3	8	11	3	8	11	4.02	
385	20-11-4	20-6	3	8	11	3	8	11	4.02	
386	20-11-4	20-16	5	8	8	5	8	8	4.02	
387	20-11-4	20-27	5	8	8	5	8	8	4.02	
388	20-11-4	20-37	3	8	8	3	8	8	4.02	
389	20-11-4	20-48	3	10	12	3	10	12	4.02	
390	20-11-4	20-58	3	8	10	3	8	10	4.02	
391	20-11-4	21-9	3	7	7	3	7	7	4.02	
392	20-11-4	21-19	5	8	10	5	8	10	4.02	
393	20-11-4	21-30	3	6	6	3	6	6	4.02	
394	20-11-4	21-40	6	13	14	6	13	14	4.02	
395	20-11-4	21-51	6	10	11	6	10	11	4.03	
396	20-11-4	22-1	8	13	16	8	13	16	4.01	
397	20-11-4	22-12	8	13	14	8	13	14	4.02	
398	20-11-4	22-22	6	16	18	6	16	18	4.02	
399	20-11-4	22-33	8	13	14	8	13	14	4.02	
400	20-11-4	22-44	8	16	18	8	16	18	4.02	
401	20-11-4	22-54	9	14	16	9	14	16	4.02	
402	20-11-4	23-5	12	18	20	12	18	20	4.01	
403	20-11-4	23-15	10	18	19	10	18	19	4.01	
404	20-11-4	23-26	9	17	21	9	17	21	4.01	
405	20-11-4	23-36	11	18	21	11	18	21	4.01	
406	20-11-4	23-47	10	17	21	10	17	21	4.01	
407	20-11-4	23-57	10	17	17	10	17	17	4.00	
408	20-11-5	0-8	12	18	18	12	18	18	4.01	
409	20-11-5	0-18	10	20	23	10	20	23	4.01	
410	20-11-5	0-29	9	14	14	9	14	14	4.01	
411	20-11-5	0-39	10	16	17	10	16	17	4.00	
412	20-11-5	0-50	9	16	17	9	16	17	4.00	
413	20-11-5	1-0	10	16	18	10	16	18	4.00	
414	20-11-5	1-11	9	14	16	9	14	16	4.00	
415	20-11-5	1-22	8	13	16	8	13	16	4.00	
416	20-11-5	1-32	8	13	14	8	13	14	4.00	
417	20-11-5	1-43	10	16	16	10	16	16	4.01	
418	20-11-5	1-53	9	16	16	9	16	16	4.00	
419	20-11-5	2-4	8	13	13	8	13	13	4.00	
420	20-11-5	2-14	9	16	17	9	16	17	4.00	
421	20-11-5	2-25	8	13	14	8	13	14	4.00	
422	20-11-5	2-35	9	13	13	9	13	13	3.99	
423	20-11-5	2-46	9	13	14	9	13	14	4.00	
424	20-11-5	2-56	9	14	16	9	14	16	3.99	
425	20-11-5	3-7	9	14	14	9	14	14	3.99	
426	20-11-5	3-17	8	14	17	8	14	17	3.99	
427	20-11-5	3-28	9	12	12	9	12	12	3.97	
428	20-11-5	3-38	6	13	14	6	13	14	3.98	
429	20-11-5	3-49	8	12	12	8	12	12	3.98	
430	20-11-5	4-0	6	12	13	6	12	13	3.99	
431	20-11-5	4-10	8	12	14	8	12	14	3.99	
432	20-11-5	4-21	6	10	10	6	10	10	3.98	
433	20-11-5	4-31	5	10	12	5	10	12	3.98	
434	20-11-5	4-42	6	13	13	6	13	13	3.99	
435	20-11-5	4-52	5	13	14	5	13	14	3.98	
436	20-11-5	5-3	5	9	9	5	9	9	3.98	
437	20-11-5	5-13	5	8	9	5	8	9	3.98	
438	20-11-5	5-24	5	9	10	5	9	10	3.98	
439	20-11-5	5-34	6	12	12	6	12	12	3.98	
440	20-11-5	5-45	5	9	9	5	9	9	3.98	
441	20-11-5	5-55	4	9	9	4	9	9	3.98	
442	20-11-5	6-6	4	9	13	4	9	13	3.97	
443	20-11-5	6-16	4	8	8	4	8	8	3.97	
444	20-11-5	6-27	6	10	10	6	10	10	3.97	
445	20-11-5	6-38	6	9	10	6	9	10	3.97	
446	20-11-5	6-48	6	12	12	6	12	12	3.97	
447	20-11-5	6-59	6	12	13	6	12	13	3.98	
448	20-11-5	7-9	1	2	2	1	2	2	3.97	
449	20-11-5	7-20	6	13	14	6	13	14	3.97	
450	20-11-5	7-30	6	10	15	6	10	15	3.96	
451	20-11-5	7-41	1	2	4	1	2	4	3.94	
452	20-11-5	7-51	1	4	4	1	4	4	3.96	
453	20-11-5	8-2	1	4	4	1	4	4	3.96	
454	20-11-5	8-13	0	0	0	0	0	0	3.96	
455	20-11-5	8-23	0	0	0	0	0	0	3.95	
456	20-11-5	8-34	1	4	4	1	4	4	3.96	
457	20-11-5	8-44	0	0	0	0	0	0	3.95	
458	20-11-5	8-55	0	0	0	0	0	0	3.96	
459	20-11-5	9-6	0	0	0	0	0	0	3.95	
460	20-11-5	9-16	0	0	0	0	0	0	3.93	
461	20-11-5	9-27	0	0	0	0	0	0	3.95	
462	20-11-5	9-38	0	0	0	0	0	0	3.95	
463	20-11-5	9-48	0	0	0	0	0	0	3.94	
464	20-11-5	9-59	1	5	6	1	5	6	3.95	
465	20-11-5	10-9	0	0	0	0	0	0	3.94	
466	20-11-5	10-20	0	0	0	0	0	0	3.95	
467	20-11-5	10-31	0	0	0	0	0	0	3.94	
468	20-11-5	10-41	0	0	0	0	0	0	3.94	
469	20-11-5	10-52	0	0	0	0	0	0	3.94	
470	20-11-5	11-3	0	0	0	0	0	0	3.94	
471	20-11-5	11-13	1	3	3	1	3	3	3.95	
472	20-11-5	11-24	0	0	0	0	0	0	3.94	
473	20-11-5	11-35	0	0	0	0	0	0	3.94	
474	20-11-5	11-45	1	3	5	1	3	5	3.94	
475	20-11-5	11-56	1	2	3	1	2	2	3.94	
476	20-11-5	12-6	1	2	4	1	2	4	3.94	
477	20-11-5	12-17	1	4	4	1	4	4	3.94	
478	20-11-5	12-27	1	2	2	1	2	2	3.94	
479	20-11-5	12-38	5	10	10	5	10	10	3.94	
480	20-11-5	12-48	5	9	11	5	9	11	3.94	
481	20-11-5	12-59	7	13	14	7	13	14	3.93	
482	20-11-5	13-10	9	14	15	9	14	15	3.93	
483	20-11-5	13-20	7	13	13	7	13	13	3.93	
484	20-11-5	13-31	7	11	11	7	11	11	3.94	
485	20-11-5	13-41	7	13	14	7	13	14	3.93	
486	20-11-5	13-52	7	13	14	7	13	14	3.93	
487	20-11-5	14-2	9	13	13	9	13	13	3.93	
488	20-11-5	14-13	7	13	17	7	13	17	3.93	
489	20-11-5	14-23	6	13	14	6	13	14	3.93	
490	20-11-5	14-34	9	15	15	9	15	15	3.93	
491	20-11-5	14-44	9	14	18	9	14	18	3.92	
492	20-11-5	14-55	9	14	15	9	14	15	3.92	
493	20-11-5	15-5	10	14	14	10	14	14	3.92	
494	20-11-5	15-16	9	17	18	9	17	18	3.92	
495	20-11-5	15-26	11	18	21	11	18	21	3.92	
496	20-11-5	15-37	10	17	18	10	17	18	3.91	
497	20-11-5	15-48	11	16	18	11	16	18	3.92	
498	20-11-5	15-58	9	14	16	9	14	16	3.91	
499	20-11-5	16-9	7	14	14	7	14	14	3.91	
500	20-11-5	16-19	9	15	18	9	15	18	3.92	
501	20-11-5	16-30	10	16	19	10	16	19	3.91	
502	20-11-5	16-40	9	14	18	9	14	18	3.92	
503	20-11-5	16-51	9	15	18	9	15	18	3.92	
504	20-11-5	17-1	9	14	15	9	14	15	3.92	
505	20-11-5	17-12	10	17	20	10	17	20	3.92	
506	20-11-5	17-22	12	19	21	12	19	21	3.92	
507	20-11-5	17-33	10	17	21	10	17	21	3.91	
508	20-11-5	17-43	11	17	24	11	17	24	3.92	
509	20-11-5	17-54	11	17	19	11	17	19	3.91	
510	20-11-5	18-4	12	18	21	12	18	21	3.91	
511	20-11-5	18-15	10	17	18	10	17	18	3.90	
512	20-11-5	18-26	12	18	18	12	18	18	3.91	
513	20-11-5	18-36	10	17	20	10	17	20	3.91	
514	20-11-5	18-47	14	22	26	14	22	26	3.92	
515	20-11-5	18-57	16	22	24	16	22	24	3.91	
516	20-11-5	19-8	13	21	26	13	21	26	3.89	
517	20-11-5	19-18	12	20	22	12	20	22	3.91	
518	20-11-5	19-29	12	21	23	12	21	23	3.91	
519	20-11-5	19-39	12	21	27	12	21	27	3.91	
520	20-11-5	19-50	12	17	18	12	17	18	3.91	
521	20-11-5	20-0	13	23	25	13	23	25	3.91	
522	20-11-5	20-11	14	21	21	14	21	21	3.90	
523	20-11-5	20-21	16	24	25	16	24	25	3.90	
524	20-11-5	20-32	13	23	24	13	23	24	3.90	
525	20-11-5	20-42	13	23	27	13	23	27	3.90	
526	20-11-5	20-53	13	21	24	13	21	24	3.90	
527	20-11-5	21-4	13	23	27	13	23	27	3.90	
528	20-11-5	21-14	13	21	25	13	21	25	3.90	
529	20-11-5	21-25	12	23	26	12	23	26	3.91	
530	20-11-5	21-35	13	23	25	13	23	25	3.90	
531	20-11-5	21-46	13	24	28	13	24	28	3.89	
532	20-11-5	21-56	14	24	24	14	24	24	3.89	
533	20-11-5	22-7	14	25	29	14	25	29	3.89	
534	20-11-5	22-17	19	30	39	19	30	39	3.90	
535	20-11-5	22-28	16	25	31	16	25	31	3.90	
536	20-11-5	22-38	14	23	24	14	23	24	3.89	
537	20-11-5	22-49	16	24	28	16	24	28	3.87	
538	20-11-5	22-59	16	23	24	16	23	24	3.89	
539	20-11-5	23-10	12	21	23	12	21	23	3.89	
540	20-11-5	23-20	16	27	30	16	27	30	3.88	
541	20-11-5	23-31	16	25	28	16	25	28	3.89	
542	20-11-5	23-42	16	25	36	16	25	36	3.89	
543	20-11-5	23-52	14	25	27	14	25	27	3.89	
544	20-11-6	0-3	18	28	31	18	28	31	3.89	
545	20-11-6	0-13	16	25	28	16	25	28	3.88	
546	20-11-6	0-24	14	24	26	14	24	26	3.89	
547	20-11-6	0-34	17	26	28	17	26	28	3.88	
548	20-11-6	0-45	16	28	28	16	28	28	3.88	
549	20-11-6	0-55	17	28	30	17	28	30	3.88	
550	20-11-6	1-6	20	30	36	20	30	36	3.89	
551	20-11-6	1-16	16	25	29	16	25	29	3.88	
552	20-11-6	1-27	17	28	32	17	28	32	3.88	
553	20-11-6	1-37	17	29	29	17	29	29	3.88	
554	20-11-6	1-48	13	22	24	13	22	24	3.88	
555	20-11-6	1-58	16	28	35	16	28	35	3.88	
556	20-11-6	2-9	17	26	28	17	26	28	3.88	
557	20-11-6	2-20	14	26	30	14	26	30	3.87	
558	20-11-6	2-30	16	25	26	16	25	26	3.87	
559	20-11-6	2-41	16	26	28	16	26	28	3.87	
560	20-11-6	2-51	14	22	25	14	22	25	3.88	
561	20-11-6	3-2	16	24	30	16	24	30	3.88	
562	20-11-6	3-12	14	22	26	14	22	26	3.87	
563	20-11-6	3-23	18	28	32	18	28	32	3.87	
564	20-11-6	3-33	14	26	30	14	26	30	3.85	
565	20-11-6	3-44	17	30	34	17	30	34	3.88	
566	20-11-6	3-54	16	26	29	16	26	29	3.88	
567	20-11-6	4-5	16	26	33	16	26	33	3.87	
568	20-11-6	4-15	16	25	28	16	25	28	3.87	
569	20-11-6	4-26	16	28	32	16	28	32	3.87	
570	20-11-6	4-36	14	24	25	14	24	25	3.87	
571	20-11-6	4-47	17	26	29	17	26	29	3.86	
572	20-11-6	4-58	16	28	30	16	28	30	3.87	
573	20-11-6	5-8	14	24	25	14	24	25	3.87	
574	20-11-6	5-19	16	28	30	16	28	30	3.86	
575	20-11-6	5-29	16	28	32	16	28	32	3.86	
576	20-11-6	5-40	17	30	36	17	30	36	3.87	
577	20-11-6	5-50	17	26	28	17	26	28	3.86	
578	20-11-6	6-1	13	21	24	13	21	24	3.86	
579	20-11-6	6-11	17	30	36	17	30	36	3.86	
580	20-11-6	6-22	17	28	30	17	28	30	3.86	
581	20-11-6	6-32	18	32	36	18	32	36	3.86	
582	20-11-6	6-43	16	26	29	16	26	29	3.86	
583	20-11-6	6-53	25	37	43	25	37	43	3.85	
584	20-11-6	7-4	21	31	39	21	31	39	3.85	
585	20-11-6	7-14	17	27	31	17	27	31	3.85	
586	20-11-6	7-25	21	34	38	21	34	38	3.86	
587	20-11-6	7-36	18	30	33	18	30	33	3.85	
588	20-11-6	7-46	22	37	42	22	37	42	3.85	
589	20-11-6	7-57	25	42	46	25	41	46	3.86	
590	20-11-6	8-7	21	33	40	21	33	40	3.87	
591	20-11-6	8-18	25	38	42	25	38	42	3.85	
592	20-11-6	8-28	24	41	46	24	40	46	3.84	
593	20-11-6	8-39	25	37	42	25	37	42	3.86	
594	20-11-6	8-49	26	41	44	26	40	44	3.84	
595	20-11-6	9-0	26	43	52	26	41	52	3.85	
596	20-11-6	9-10	21	37	46	21	37	46	3.85	
597	20-11-6	9-21	21	36	40	21	36	40	3.85	
598	20-11-6	9-31	20	36	37	20	36	37	3.84	
599	20-11-6	9-42	21	35	39	21	35	39	3.84	
600	20-11-6	9-52	20	34	37	20	34	37	3.84	
601	20-11-6	10-3	22	39	39	22	39	39	3.84	
602	20-11-6	10-14	21	34	39	21	34	39	3.84	
603	20-11-6	10-24	23	41	43	23	39	43	3.84	
604	20-11-6	10-35	21	34	34	21	34	34	3.83	
605	20-11-6	10-45	21	38	43	21	38	43	3.83	
606	20-11-6	10-56	17	30	33	17	30	33	3.83	
607	20-11-6	11-6	20	35	43	20	35	43	3.83	
608	20-11-6	11-17	20	35	38	20	35	38	3.83	
609	20-11-6	11-27	19	31	35	19	31	35	3.83	
610	20-11-6	11-38	22	38	42	22	38	42	3.83	
611	20-11-6	11-48	22	34	35	22	34	35	3.83	
612	20-11-6	11-59	22	35	42	22	35	42	3.83	
613	20-11-6	12-9	24	38	40	24	38	40	3.83	
614	20-11-6	12-20	25	35	42	25	35	42	3.82	
615	20-11-6	12-30	26	42	47	26	41	47	3.82	
616	20-11-6	12-41	30	47	54	28	43	54	3.81	
617	20-11-6	12-52	30	47	50	28	43	50	3.82	
618	20-11-6	13-2	32	53	58	30	47	58	3.81	
619	20-11-6	13-13	34	53	56	30	47	56	3.81	
620	20-11-6	13-23	35	53	64	31	47	61	3.82	
621	20-11-6	13-34	38	59	65	33	51	62	3.82	
622	20-11-6	13-44	32	50	57	30	46	57	3.82	
623	20-11-6	13-55	6	13	15	6	13	15	3.82	
624	20-11-6	14-5	7	12	12	7	12	12	3.81	
625	20-11-6	14-16	11	18	21	11	18	21	3.81	
626	20-11-6	14-26	11	20	22	11	20	22	3.81	
627	20-11-6	14-37	10	18	20	10	18	20	3.81	
628	20-11-6	14-47	6	10	10	6	10	10	3.79	
629	20-11-6	14-58	6	10	12	6	10	12	3.81	
630	20-11-6	15-8	4	11	13	4	11	13	3.80	
631	20-11-6	15-19	4	9	11	4	9	11	3.80	
632	20-11-6	15-30	6	13	15	6	13	15	3.80	
633	20-11-6	15-40	7	12	13	7	12	13	3.80	
634	20-11-6	15-51	31	45	51	29	41	51	3.80	
635	20-11-6	16-1	26	43	44	25	40	44	3.81	
636	20-11-6	16-12	34	52	56	30	46	56	3.80	
637	20-11-6	16-22	30	51	59	28	46	57	3.80	
638	20-11-6	16-33	32	53	62	29	47	60	3.80	
639	20-11-6	16-43	33	53	60	29	47	58	3.80	
640	20-11-6	16-54	37	57	65	32	49	62	3.78	
641	20-11-6	17-4	36	59	73	31	50	67	3.81	
642	20-11-6	17-15	41	67	80	34	54	71	3.79	
643	20-11-6	17-25	57	97	111	40	65	86	3.80	
644	20-11-6	17-36	56	91	109	41	64	86	3.81	
645	20-11-6	17-46	60	94	107	43	66	86	3.79	
646	20-11-6	17-57	50	78	88	38	60	76	3.78	
647	20-11-6	18-7	52	83	102	39	61	82	3.78	
648	20-11-6	18-18	25	37	43	25	37	43	3.78	
649	20-11-6	18-29	54	82	97	39	61	80	3.79	
650	20-11-6	18-39	60	95	106	42	65	84	3.77	
651	20-11-6	18-50	55	92	106	40	64	84	3.78	
652	20-11-6	19-0	51	87	98	38	63	80	3.78	
653	20-11-6	19-11	55	87	103	40	63	82	3.78	
654	20-11-6	19-21	58	91	107	41	64	85	3.78	
655	20-11-6	19-32	58	94	113	41	65	87	3.78	
656	20-11-6	19-42	55	86	99	40	62	81	3.77	
657	20-11-6	19-53	61	92	105	42	64	83	3.78	
658	20-11-6	20-3	59	97	128	42	65	93	3.76	
659	20-11-6	20-14	68	113	130	44	75	93	3.77	
660	20-11-6	20-24	73	118	145	47	78	99	3.77	
661	20-11-6	20-35	72	123	152	47	81	101	3.74	
662	20-11-6	20-45	73	120	137	47	78	97	3.76	
663	20-11-6	20-56	73	116	137	47	76	97	3.76	
664	20-11-6	21-7	74	115	132	48	75	95	3.75	
665	20-11-6	21-17	73	114	137	47	75	96	3.76	
666	20-11-6	21-28	73	119	139	47	78	97	3.76	
667	20-11-6	21-38	68	111	130	45	73	93	3.76	
668	20-11-6	21-49	65	113	129	43	75	94	3.76	
669	20-11-6	21-59	61	94	109	42	65	86	3.76	
670	20-11-6	22-10	62	98	107	43	66	84	3.76	
671	20-11-6	22-20	57	96	105	40	65	83	3.76	
672	20-11-6	22-31	57	94	109	40	64	85	3.75	
673	20-11-6	22-41	53	89	107	39	63	84	3.75	
674	20-11-6	22-52	55	84	96	39	61	79	3.75	
675	20-11-6	23-2	54	90	99	39	64	81	3.75	
676	20-11-6	23-13	51	87	103	38	62	83	3.75	
677	20-11-6	23-23	52	84	99	39	61	80	3.75	
678	20-11-6	23-34	55	88	118	39	63	90	3.74	
679	20-11-6	23-45	52	83	95	39	61	79	3.74	
680	20-11-6	23-55	50	84	93	38	61	77	3.75	
681	20-11-7	0-6	52	80	98	39	59	80	3.74	
682	20-11-7	0-16	52	82	98	39	61	80	3.74	
683	20-11-7	0-27	48	80	87	36	59	75	3.73	
684	20-11-7	0-37	52	88	105	39	62	83	3.73	
685	20-11-7	0-48	49	81	89	38	59	76	3.74	
686	20-11-7	0-58	48	79	83	37	58	72	3.73	
687	20-11-7	1-9	45	75	81	35	57	71	3.73	
688	20-11-7	1-19	48	80	91	37	60	77	3.72	
689	20-11-7	1-30	52	86	101	39	61	82	3.73	
690	20-11-7	1-40	50	79	92	38	59	78	3.73	
691	20-11-7	1-51	48	76	93	37	58	77	3.73	
692	20-11-7	2-1	46	76	85	35	58	74	3.73	
693	20-11-7	2-12	54	86	95	39	61	79	3.72	
694	20-11-7	2-23	55	83	96	39	61	79	3.74	
695	20-11-7	2-33	55	90	102	39	64	81	3.72	
696	20-11-7	2-44	62	100	116	43	66	88	3.72	
697	20-11-7	2-54	63	109	129	43	72	94	3.71	
698	20-11-7	3-5	65	108	118	43	71	89	3.72	
699	20-11-7	3-15	64	100	122	43	66	91	3.71	
700	20-11-7	3-26	67	104	120	45	68	90	3.71	
701	20-11-7	3-36	68	108	119	45	70	90	3.71	
702	20-11-7	3-47	68	113	127	45	74	92	3.71	
703	20-11-7	3-57	70	115	128	46	75	93	3.72	
704	20-11-7	4-8	76	126	148	50	84	100	3.70	
705	20-11-7	4-18	83	139	155	55	91	102	3.71	
706	20-11-7	4-29	78	130	153	51	86	101	3.71	
707	20-11-7	4-39	89	144	161	58	95	107	3.69	
708	20-11-7	4-50	89	150	177	58	99	117	3.70	
709	20-11-7	5-1	90	154	174	59	101	114	3.70	
710	20-11-7	5-11	94	160	183	62	106	121	3.71	
711	20-11-7	5-22	96	149	176	63	99	117	3.70	
712	20-11-7	5-32	94	155	195	62	102	129	3.71	
713	20-11-7	5-43	91	151	171	60	100	113	3.70	
714	20-11-7	5-53	88	141	157	57	93	102	3.70	
715	20-11-7	6-4	95	156	188	63	103	125	3.70	
716	20-11-7	6-14	95	159	186	63	105	123	3.69	
717	20-11-7	6-25	102	167	194	67	110	128	3.69	
718	20-11-7	6-35	99	164	194	65	109	128	3.69	
719	20-11-7	6-46	97	163	186	64	108	123	3.70	
720	20-11-7	6-56	104	169	202	68	111	133	3.69	
721	20-11-7	7-7	110	176	212	73	117	140	3.68	
722	20-11-7	7-17	102	171	202	68	113	133	3.69	
723	20-11-7	7-28	107	176	220	70	117	145	3.69	
724	20-11-7	7-39	104	170	200	68	112	132	3.69	
725	20-11-7	7-49	100	161	186	65	107	122	3.67	
726	20-11-7	8-0	97	162	189	63	107	125	3.68	
727	20-11-7	8-10	98	169	204	64	112	135	3.69	
728	20-11-7	8-21	95	152	178	63	100	117	3.68	
729	20-11-7	8-31	101	156	190	66	103	125	3.68	
730	20-11-7	8-42	99	170	201	65	112	133	3.68	
731	20-11-7	8-52	93	150	185	60	99	122	3.69	
732	20-11-7	9-3	92	146	184	59	97	121	3.68	
733	20-11-7	9-13	91	143	158	59	94	105	3.69	
734	20-11-7	9-24	84	139	165	55	91	109	3.68	
735	20-11-7	9-34	85	141	165	55	93	109	3.67	
736	20-11-7	9-45	80	135	163	52	89	108	3.68	
737	20-11-7	9-55	80	138	162	52	91	107	3.67	
738	20-11-7	10-6	81	137	169	53	90	112	3.67	
739	20-11-7	10-17	83	140	160	54	92	106	3.67	
740	20-11-7	10-27	80	143	167	53	94	110	3.67	
741	20-11-7	10-38	80	130	172	53	85	114	3.67	
742	20-11-7	10-48	68	117	148	45	76	101	3.68	
743	20-11-7	10-59	70	119	145	45	79	100	3.67	
744	20-11-7	11-9	71	116	133	46	76	95	3.67	
745	20-11-7	11-20	65	107	129	43	70	94	3.66	
746	20-11-7	11-30	63	112	138	44	74	97	3.66	
747	20-11-7	11-41	65	111	139	43	73	98	3.66	
748	20-11-7	11-51	61	109	132	42	72	95	3.67	
749	20-11-7	12-2	65	117	140	44	76	99	3.66	
750	20-11-7	12-12	65	106	136	44	70	97	3.66	
751	20-11-7	12-23	69	118	149	45	78	101	3.66	
752	20-11-7	12-33	64	115	142	44	76	98	3.66	
753	20-11-7	12-44	62	114	144	42	75	100	3.66	
754	20-11-7	12-55	60	100	118	42	66	90	3.66	
755	20-11-7	13-5	63	104	135	43	68	97	3.65	
756	20-11-7	13-16	62	99	121	42	67	90	3.65	
757	20-11-7	13-26	55	95	112	40	65	86	3.65	
758	20-11-7	13-37	56	94	120	41	65	90	3.65	
759	20-11-7	13-47	55	93	128	39	65	93	3.66	
760	20-11-7	13-58	52	88	124	39	62	92	3.66	
761	20-11-7	14-8	51	93	112	38	65	87	3.65	
762	20-11-7	14-19	52	93	114	39	65	87	3.65	
763	20-11-7	14-29	53	93	112	39	65	87	3.66	
764	20-11-7	14-40	56	98	113	40	66	87	3.65	
765	20-11-7	14-50	55	96	126	39	65	92	3.65	
766	20-11-7	15-1	50	83	111	38	61	86	3.65	
767	20-11-7	15-11	56	98	117	41	67	89	3.65	
768	20-11-7	15-22	55	92	116	40	64	89	3.65	
769	20-11-7	15-33	52	92	114	39	64	87	3.66	
770	20-11-7	15-43	53	91	120	39	64	89	3.64	
771	20-11-7	15-54	50	87	105	38	63	83	3.64	
772	20-11-7	16-4	55	88	121	39	62	91	3.65	
773	20-11-7	16-15	53	92	112	39	64	87	3.65	
774	20-11-7	16-25	60	101	127	42	68	92	3.63	
775	20-11-7	16-36	49	93	111	38	65	85	3.65	
776	20-11-7	16-46	57	104	129	40	68	93	3.65	
777	20-11-7	16-57	58	99	120	42	66	89	3.65	
778	20-11-7	17-7	72	120	150	47	79	101	3.64	
779	20-11-7	17-18	67	112	145	44	74	99	3.64	
780	20-11-7	17-28	78	132	170	51	87	112	3.65	
781	20-11-7	17-39	80	130	169	52	86	112	3.64	
782	20-11-7	17-49	81	141	180	52	94	120	3.64	
783	20-11-7	18-0	82	132	170	53	87	112	3.65	
784	20-11-7	18-10	84	139	179	55	91	119	3.63	
785	20-11-7	18-21	83	141	180	55	94	120	3.64	
786	20-11-7	18-32	82	131	163	54	86	108	3.64	
787	20-11-7	18-42	82	140	173	54	92	114	3.64	
788	20-11-7	18-53	77	138	163	50	91	108	3.63	
789	20-11-7	19-3	82	137	179	54	90	119	3.63	
790	20-11-7	19-14	82	135	167	54	89	110	3.64	
791	20-11-7	19-24	81	143	197	52	94	130	3.63	
792	20-11-7	19-35	82	139	186	54	91	122	3.64	
793	20-11-7	19-45	84	147	190	55	97	125	3.64	
794	20-11-7	19-56	75	139	187	49	92	123	3.64	
795	20-11-7	20-6	84	135	185	55	89	122	3.64	
796	20-11-7	20-17	85	147	189	55	97	125	3.63	
797	20-11-7	20-27	90	155	215	59	102	142	3.64	
798	20-11-7	20-38	94	165	222	62	109	147	3.63	
799	20-11-7	20-48	100	176	228	66	117	152	3.62	
800	20-11-7	20-59	86	157	207	56	104	138	3.62	
801	20-11-7	21-10	97	158	211	63	105	140	3.63	
802	20-11-7	21-20	91	154	227	59	102	150	3.63	
803	20-11-7	21-31	92	153	209	61	101	139	3.64	
804	20-11-7	21-41	81	146	185	53	97	123	3.63	
805	20-11-7	21-52	86	155	185	56	103	122	3.62	
806	20-11-7	22-2	84	144	195	56	95	126	3.63	
807	20-11-7	22-13	78	134	185	50	88	122	3.62	
808	20-11-7	22-23	78	135	171	50	88	113	3.63	
809	20-11-7	22-34	76	132	166	50	87	110	3.62	
810	20-11-7	22-44	74	138	182	48	91	121	3.63	
811	20-11-7	22-55	82	139	171	53	92	113	3.63	
812	20-11-7	23-5	76	131	168	50	87	110	3.63	
813	20-11-7	23-16	74	136	165	48	90	108	3.62	
814	20-11-7	23-26	71	126	155	46	83	103	3.63	
815	20-11-7	23-37	78	139	164	50	92	108	3.62	
816	20-11-7	23-48	76	129	172	50	84	113	3.61	
817	20-11-7	23-58	78	149	169	50	98	111	3.62	
818	20-11-8	0-9	73	127	166	47	83	109	3.63	
819	20-11-8	0-19	76	142	187	50	94	124	3.62	
820	20-11-8	0-30	82	141	167	54	94	110	3.62	
821	20-11-8	0-40	82	131	153	54	86	101	3.63	
822	20-11-8	0-51	81	148	187	53	98	124	3.62	
823	20-11-8	1-1	75	132	155	50	86	101	3.62	
824	20-11-8	1-12	76	132	169	50	87	112	3.63	
825	20-11-8	1-22	76	127	154	50	83	103	3.62	
826	20-11-8	1-33	73	139	165	47	91	109	3.61	
827	20-11-8	1-43	72	125	165	47	82	109	3.61	
828	20-11-8	1-54	73	137	178	47	91	118	3.64	
829	20-11-8	2-4	72	128	155	47	84	102	3.62	
830	20-11-8	2-15	78	142	178	51	93	118	3.63	
831	20-11-8	2-26	73	130	160	47	86	106	3.62	
832	20-11-8	2-36	81	141	168	53	93	111	3.61	
833	20-11-8	2-47	74	135	175	48	88	115	3.60	
834	20-11-8	2-57	80	144	188	52	95	125	3.62	
835	20-11-8	3-8	80	147	183	53	97	121	3.61	
836	20-11-8	3-18	85	145	176	55	96	117	3.61	
837	20-11-8	3-29	84	147	173	55	97	115	3.58	
838	20-11-8	3-39	81	145	188	52	96	125	3.62	
839	20-11-8	3-50	84	147	179	54	98	118	3.62	
840	20-11-8	4-0	81	148	183	53	97	120	3.61	
841	20-11-8	4-11	80	142	182	53	94	120	3.62	
842	20-11-8	4-21	85	156	219	55	103	146	3.61	
843	20-11-8	4-32	85	152	192	55	100	127	3.61	
844	20-11-8	4-42	85	147	190	55	97	125	3.60	
845	20-11-8	4-53	84	138	199	55	91	131	3.61	
846	20-11-8	5-4	87	153	199	58	102	131	3.61	
847	20-11-8	5-14	88	158	188	58	105	124	3.61	
848	20-11-8	5-25	89	163	203	58	107	134	3.61	
849	20-11-8	5-35	93	170	234	61	113	154	3.61	
850	20-11-8	5-46	95	167	212	63	110	141	3.61	
851	20-11-8	5-56	93	168	211	61	110	140	3.61	
852	20-11-8	6-7	102	181	235	67	120	156	3.60	
853	20-11-8	6-17	100	181	235	65	120	156	3.61	
854	20-11-8	6-28	113	200	260	74	132	172	3.60	
855	20-11-8	6-38	108	196	228	70	130	150	3.61	
856	20-11-8	6-49	114	212	278	76	140	184	3.61	
857	20-11-8	6-59	118	211	262	78	140	174	3.61	
858	20-11-8	7-10	117	211	255	77	140	169	3.60	
859	20-11-8	7-20	113	196	251	74	130	166	3.61	
860	20-11-8	7-31	110	205	274	73	136	181	3.61	
861	20-11-8	7-42	107	199	247	71	132	164	3.61	
862	20-11-8	7-52	108	200	252	70	132	167	3.61	
863	20-11-8	8-3	103	185	223	68	122	148	3.61	
864	20-11-8	8-13	100	179	219	65	118	145	3.61	
865	20-11-8	8-24	97	162	210	63	107	139	3.59	
866	20-11-8	8-34	88	153	189	58	101	125	3.60	
867	20-11-8	8-45	79	146	176	52	96	116	3.61	
868	20-11-8	8-55	82	147	180	53	97	119	3.61	
869	20-11-8	9-6	91	150	169	59	99	112	3.60	
870	20-11-8	9-16	83	147	171	54	96	112	3.59	
871	20-11-8	9-27	80	146	195	52	96	129	3.61	
872	20-11-8	9-37	67	110	134	44	72	96	3.60	
873	20-11-8	9-48	37	63	71	31	53	66	3.62	
874	20-11-8	9-58	29	49	65	27	45	62	3.60	
875	20-11-8	10-9	33	60	68	30	52	65	3.60	
876	20-11-8	10-20	22	44	52	22	42	52	3.60	
877	20-11-8	10-30	22	40	46	22	40	46	3.60	
878	20-11-8	10-41	24	45	54	24	42	54	3.61	
879	20-11-8	10-51	21	36	41	21	36	41	3.60	
880	20-11-8	11-2	17	28	32	17	28	32	3.60	
881	20-11-8	11-12	14	25	25	14	25	25	3.59	
882	20-11-8	11-23	16	26	32	16	26	32	3.60	
883	20-11-8	11-33	14	25	32	14	25	32	3.60	
884	20-11-8	11-44	14	29	37	14	29	37	3.60	
885	20-11-8	11-54	16	28	32	16	28	32	3.60	
886	20-11-8	12-5	12	21	28	12	21	28	3.59	
887	20-11-8	12-15	13	24	30	13	24	30	3.60	
888	20-11-8	12-26	12	22	37	12	22	37	3.59	
889	20-11-8	12-36	17	33	40	17	33	40	3.60	
890	20-11-8	12-47	13	25	38	13	25	38	3.59	
891	20-11-8	12-58	13	24	37	13	24	37	3.60	
892	20-11-8	13-8	13	25	33	13	25	33	3.59	
893	20-11-8	13-19	15	27	45	15	27	45	3.60	
894	20-11-8	13-29	15	29	34	15	29	34	3.61	
895	20-11-8	13-40	18	35	46	18	35	46	3.60	
896	20-11-8	13-50	21	37	43	21	37	43	3.61	
897	20-11-8	14-1	18	38	46	18	38	46	3.59	
898	20-11-8	14-11	13	25	29	13	25	29	3.60	
899	20-11-8	14-22	14	29	41	14	29	41	3.60	
900	20-11-8	14-32	12	21	26	12	21	26	3.59	
901	20-11-8	14-43	10	18	25	10	18	25	3.60	
902	20-11-8	14-53	10	20	24	10	20	24	3.59	
903	20-11-8	15-4	9	17	21	9	17	21	3.60	
904	20-11-8	15-14	8	14	17	8	14	17	3.59	
905	20-11-8	15-25	6	13	20	6	13	20	3.59	
906	20-11-8	15-36	8	14	21	8	14	21	3.59	
907	20-11-8	15-46	6	13	21	6	13	21	3.59	
908	20-11-8	15-57	6	13	19	6	13	19	3.59	
909	20-11-8	16-7	6	14	17	6	14	17	3.59	
910	20-11-8	16-18	6	13	17	6	13	17	3.59	
911	20-11-8	16-28	5	11	14	5	11	14	3.59	
912	20-11-8	16-39	5	11	15	5	11	15	3.59	
913	20-11-8	16-49	6	14	22	6	14	22	3.60	
914	20-11-8	17-0	5	13	17	5	13	17	3.59	
915	20-11-8	17-10	6	15	18	6	15	18	3.60	
916	20-11-8	17-21	6	14	23	6	14	23	3.57	
917	20-11-8	17-31	5	11	13	5	11	13	3.59	
918	20-11-8	17-42	6	14	19	6	14	19	3.58	
919	20-11-8	17-52	6	15	17	6	15	17	3.59	
920	20-11-8	18-3	6	13	17	6	13	17	3.58	
921	20-11-8	18-14	9	18	26	9	18	26	3.59	
922	20-11-8	18-24	7	19	27	7	19	27	3.58	
923	20-11-8	18-35	7	14	18	7	14	18	3.59	
924	20-11-8	18-45	9	19	27	9	19	27	3.59	
925	20-11-8	18-56	10	19	25	10	19	25	3.58	
926	20-11-8	19-6	11	19	23	11	19	23	3.59	
927	20-11-8	19-17	9	15	23	9	15	23	3.58	
928	20-11-8	19-27	10	19	22	10	19	22	3.58	
929	20-11-8	19-38	9	18	23	9	18	23	3.58	
930	20-11-8	19-48	9	14	17	9	14	17	3.59	
931	20-11-8	19-59	9	19	23	9	19	23	3.58	
932	20-11-8	20-9	7	15	21	7	15	21	3.59	
933	20-11-8	20-20	9	17	19	9	17	19	3.57	
934	20-11-8	20-30	7	15	19	7	15	19	3.59	
935	20-11-8	20-41	10	17	28	10	17	28	3.58	
936	20-11-8	20-52	9	15	23	9	15	23	3.59	
937	20-11-8	21-2	7	17	19	7	17	19	3.58	
938	20-11-8	21-13	9	15	21	9	15	21	3.58	
939	20-11-8	21-23	9	15	19	9	15	19	3.58	
940	20-11-8	21-34	9	15	17	9	15	17	3.58	
941	20-11-8	21-44	7	14	23	7	14	23	3.58	
942	20-11-8	21-55	7	17	27	7	17	27	3.58	
943	20-11-8	22-5	7	14	17	7	14	17	3.58	
944	20-11-8	22-16	9	15	18	9	15	18	3.58	
945	20-11-8	22-26	9	15	18	9	15	18	3.57	
946	20-11-8	22-37	7	15	17	7	15	17	3.57	
947	20-11-8	22-47	6	15	27	6	15	27	3.57	
948	20-11-8	22-58	6	13	17	6	13	17	3.57	
949	20-11-8	23-8	9	15	22	9	15	22	3.57	
950	20-11-8	23-19	9	14	19	9	14	19	3.57	
951	20-11-8	23-30	9	19	23	9	19	23	3.57	
952	20-11-8	23-40	7	15	22	7	15	22	3.57	
953	20-11-8	23-51	7	17	19	7	17	19	3.57	
954	20-11-9	0-1	10	18	23	10	18	23	3.57	
955	20-11-9	0-12	7	15	19	7	15	19	3.57	
956	20-11-9	0-22	7	13	14	7	13	14	3.57	
957	20-11-9	0-33	6	14	14	6	14	14	3.57	
958	20-11-9	0-43	7	14	17	7	14	17	3.57	
959	20-11-9	0-54	5	11	18	5	11	18	3.57	
960	20-11-9	1-4	7	15	19	7	15	19	3.57	
961	20-11-9	1-15	3	7	9	3	7	9	3.57	
962	20-11-9	1-25	6	11	15	6	11	15	3.56	
963	20-11-9	1-36	3	10	11	3	10	11	3.56	
964	20-11-9	1-46	5	10	15	5	10	15	3.57	
965	20-11-9	1-57	5	10	11	5	10	11	3.56	
966	20-11-9	2-8	3	10	11	3	10	11	3.56	
967	20-11-9	2-18	3	10	11	3	10	11	3.56	
968	20-11-9	2-29	5	11	14	5	11	14	3.56	
969	20-11-9	2-39	3	10	14	3	10	14	3.56	
970	20-11-9	2-50	2	7	10	2	7	10	3.56	
971	20-11-9	3-0	2	7	7	2	7	7	3.56	
972	20-11-9	3-11	3	6	6	3	6	6	3.56	
973	20-11-9	3-21	2	7	10	2	7	10	3.55	
974	20-11-9	3-32	3	7	9	3	7	9	3.54	
975	20-11-9	3-42	3	7	7	3	7	7	3.55	
976	20-11-9	3-53	2	6	9	2	6	9	3.56	
977	20-11-9	4-3	2	6	7	2	6	7	3.56	
978	20-11-9	4-14	2	5	6	2	5	6	3.56	
979	20-11-9	4-24	2	6	9	2	6	9	3.55	
980	20-11-9	4-35	1	5	6	1	5	6	3.55	
981	20-11-9	4-46	1	6	6	1	6	6	3.56	
982	20-11-9	4-56	1	5	7	1	5	7	3.54	
983	20-11-9	5-7	2	5	5	2	5	5	3.55	
984	20-11-9	5-17	2	6	9	2	6	9	3.55	
985	20-11-9	5-28	3	9	10	3	9	10	3.55	
986	20-11-9	5-38	2	7	10	2	7	10	3.54	
987	20-11-9	5-49	3	9	11	3	9	11	3.55	
988	20-11-9	5-59	3	7	10	3	7	10	3.54	
989	20-11-9	6-10	2	6	6	2	6	6	3.56	
990	20-11-9	6-20	2	5	6	2	5	6	3.54	
991	20-11-9	6-31	2	6	9	2	6	9	3.54	
992	20-11-9	6-41	2	6	11	2	6	11	3.54	
993	20-11-9	6-52	3	9	9	3	9	9	3.54	
994	20-11-9	7-2	2	7	9	2	7	9	3.54	
995	20-11-9	7-13	3	7	7	3	7	7	3.54	
996	20-11-9	7-24	2	7	7	2	7	7	3.54	
997	20-11-9	7-34	3	9	9	3	9	9	3.53	
998	20-11-9	7-45	3	9	11	3	9	11	3.53	
999	20-11-9	7-55	6	11	13	6	11	13	3.54	
1000	20-11-9	8-6	5	11	17	5	11	17	3.54	
1001	20-11-9	8-16	5	13	17	5	13	17	3.54	
1002	20-11-9	8-27	6	13	17	6	13	17	3.54	
1003	20-11-9	8-37	5	13	15	5	13	15	3.54	
1004	20-11-9	8-48	5	13	17	5	13	17	3.53	
1005	20-11-9	8-58	7	15	19	7	15	19	3.52	
1006	20-11-9	9-9	7	15	17	7	15	17	3.52	
1007	20-11-9	9-19	7	11	15	7	11	15	3.54	
1008	20-11-9	9-30	6	14	15	6	14	15	3.53	
1009	20-11-9	9-40	5	11	13	5	11	13	3.53	
1010	20-11-9	9-51	7	11	13	7	11	13	3.53	
1011	20-11-9	10-2	9	14	18	9	14	18	3.53	
1012	20-11-9	10-12	7	18	23	7	18	23	3.53	
1013	20-11-9	10-23	10	21	25	10	21	25	3.53	
1014	20-11-9	10-33	10	17	29	10	17	29	3.53	
1015	20-11-9	10-44	13	19	23	13	19	23	3.52	
1016	20-11-9	10-54	11	17	19	11	17	19	3.53	
1017	20-11-9	11-5	14	23	26	14	23	26	3.53	
1018	20-11-9	11-15	11	19	23	11	19	23	3.50	
1019	20-11-9	11-26	14	21	22	14	21	22	3.53	
1020	20-11-9	11-36	14	25	26	14	25	26	3.52	
1021	20-11-9	11-47	15	23	27	15	23	27	3.52	
1022	20-11-9	11-57	12	21	25	12	21	25	3.52	
1023	20-11-9	12-8	14	24	28	14	24	28	3.52	
1024	20-11-9	12-18	13	24	29	13	24	29	3.52	
1025	20-11-9	12-29	14	29	31	14	29	31	3.52	
1026	20-11-9	12-40	13	21	23	13	21	23	3.52	
1027	20-11-9	12-50	11	22	26	11	22	26	3.52	
1028	20-11-9	13-1	13	22	23	13	22	23	3.51	
1029	20-11-9	13-11	15	25	26	15	25	26	3.52	
1030	20-11-9	13-22	15	23	29	15	23	29	3.53	
1031	20-11-9	13-32	14	23	26	14	23	26	3.51	
1032	20-11-9	13-43	14	22	23	14	22	23	3.52	
1033	20-11-9	13-53	15	23	25	15	23	25	3.51	
1034	20-11-9	14-4	17	26	27	17	26	27	3.52	
1035	20-11-9	14-14	15	22	25	15	22	25	3.51	
1036	20-11-9	14-25	17	27	31	17	27	31	3.51	
1037	20-11-9	14-35	15	23	26	15	23	26	3.51	
1038	20-11-9	14-46	17	26	31	17	26	31	3.51	
1039	20-11-9	14-56	17	26	31	17	26	31	3.50	
1040	20-11-9	15-7	15	23	26	15	23	26	3.50	
1041	20-11-9	15-18	15	23	25	15	23	25	3.50	
1042	20-11-9	15-28	16	28	32	16	28	32	3.50	
1043	20-11-9	15-39	17	27	30	17	27	30	3.50	
1044	20-11-9	15-49	17	26	29	17	26	29	3.49	
1045	20-11-9	16-0	17	26	30	17	26	30	3.50	
1046	20-11-9	16-10	18	26	27	18	26	27	3.50	
1047	20-11-9	16-21	17	29	34	17	29	34	3.49	
1048	20-11-9	16-31	17	26	33	17	26	33	3.49	
1049	20-11-9	16-42	19	29	30	19	29	30	3.49	
1050	20-11-9	16-52	19	30	35	19	30	35	3.49	
1051	20-11-9	17-3	17	30	37	17	30	37	3.49	
1052	20-11-9	17-13	18	30	38	18	30	38	3.48	
1053	20-11-9	17-24	17	26	29	17	26	29	3.49	
1054	20-11-9	17-34	16	25	29	16	25	29	3.48	
1055	20-11-9	17-45	14	22	25	14	22	25	3.49	
1056	20-11-9	17-56	14	22	26	14	22	26	3.49	
1057	20-11-9	18-6	13	22	26	13	22	26	3.48	
1058	20-11-9	18-17	14	23	26	14	23	26	3.48	
1059	20-11-9	18-27	15	25	34	15	25	34	3.48	
1060	20-11-9	18-38	13	22	26	13	22	26	3.47	
1061	20-11-9	18-48	10	17	19	10	17	19	3.48	
1062	20-11-9	18-59	13	19	22	13	19	22	3.47	
1063	20-11-9	19-9	11	19	25	11	19	25	3.48	
1064	20-11-9	19-20	13	21	21	13	21	21	3.48	
1065	20-11-9	19-30	13	23	27	13	23	27	3.47	
1066	20-11-9	19-41	14	23	26	14	23	26	3.47	
1067	20-11-9	19-51	14	25	30	14	25	30	3.47	
1068	20-11-9	20-2	13	22	23	13	22	23	3.47	
1069	20-11-9	20-12	14	27	34	14	27	34	3.47	
1070	20-11-9	20-23	14	25	26	14	25	26	3.46	
1071	20-11-9	20-34	14	26	30	14	26	30	3.47	
1072	20-11-9	20-44	14	25	29	14	25	29	3.46	
1073	20-11-9	20-55	14	22	25	14	22	25	3.46	
1074	20-11-9	21-5	15	27	33	15	27	33	3.45	
1075	20-11-9	21-16	14	25	33	14	25	33	3.46	
1076	20-11-9	21-26	13	25	25	13	25	25	3.45	
1077	20-11-9	21-37	14	24	29	14	24	29	3.46	
1078	20-11-9	21-47	13	23	26	13	23	26	3.46	
1079	20-11-9	21-58	14	25	34	14	25	34	3.46	
1080	20-11-9	22-8	14	25	27	14	25	27	3.46	
1081	20-11-9	22-19	14	25	31	14	25	31	3.45	
1082	20-11-9	22-29	16	26	29	16	26	29	3.45	
1083	20-11-9	22-40	13	24	29	13	24	29	3.45	
1084	20-11-9	22-50	12	22	26	12	22	26	3.45	
1085	20-11-9	23-1	13	24	28	13	24	28	3.45	
1086	20-11-9	23-12	14	24	25	14	24	25	3.44	
1087	20-11-9	23-22	12	20	24	12	20	24	3.44	
1088	20-11-9	23-33	15	25	25	15	25	25	3.44	
1089	20-11-9	23-43	13	22	23	13	22	23	3.45	
1090	20-11-9	23-54	13	22	23	13	22	23	3.44	
1091	20-11-10	0-4	14	22	26	14	22	26	3.44	
1092	20-11-10	0-15	15	25	31	15	25	31	3.44	
1093	20-11-10	0-25	11	22	26	11	22	26	3.44	
1094	20-11-10	0-36	14	21	25	14	21	25	3.43	
1095	20-11-10	0-46	15	26	31	15	26	31	3.44	
1096	20-11-10	0-57	11	19	23	11	19	23	3.44	
1097	20-11-10	1-7	13	19	19	13	19	19	3.42	
1098	20-11-10	1-18	13	19	21	13	19	21	3.43	
1099	20-11-10	1-28	11	19	23	11	19	23	3.44	
1100	20-11-10	1-39	13	20	26	13	20	26	3.43	
1101	20-11-10	1-50	10	18	22	10	18	22	3.44	
1102	20-11-10	2-0	13	21	23	13	21	23	3.43	
1103	20-11-10	2-11	13	19	23	13	19	23	3.43	
1104	20-11-10	2-21	13	21	23	13	21	23	3.43	
1105	20-11-10	2-32	9	18	19	9	18	19	3.43	
1106	20-11-10	2-42	14	21	22	14	21	22	3.42	
1107	20-11-10	2-53	14	22	25	14	22	25	3.43	
1108	20-11-10	3-3	13	22	25	13	22	25	3.43	
1109	20-11-10	3-14	11	18	23	11	18	23	3.43	
1110	20-11-10	3-24	11	19	22	11	19	22	3.43	
1111	20-11-10	3-35	13	21	25	13	21	25	3.42	
1112	20-11-10	3-45	13	22	23	13	22	23	3.43	
1113	20-11-10	3-56	13	21	23	13	21	23	3.43	
1114	20-11-10	4-6	13	21	23	13	21	23	3.42	
1115	20-11-10	4-17	10	17	21	10	17	21	3.42	
1116	20-11-10	4-28	11	21	25	11	21	25	3.41	
1117	20-11-10	4-38	11	19	22	11	19	22	3.42	
1118	20-11-10	4-49	13	21	23	13	21	23	3.42	
1119	20-11-10	4-59	11	19	19	11	19	19	3.42	
1120	20-11-10	5-10	11	18	19	11	18	19	3.42	
1121	20-11-10	5-20	11	18	19	11	18	19	3.41	
1122	20-11-10	5-31	13	22	23	13	22	23	3.41	
1123	20-11-10	5-41	13	23	25	13	23	25	3.40	
1124	20-11-10	5-52	14	25	27	14	25	27	3.41	
1125	20-11-10	6-2	13	22	23	13	22	23	3.41	
1126	20-11-10	6-13	13	19	21	13	19	21	3.42	
1127	20-11-10	6-23	13	22	25	13	22	25	3.41	
1128	20-11-10	6-34	11	21	22	11	21	22	3.41	
1129	20-11-10	6-44	15	25	26	15	25	26	3.41	
1130	20-11-10	6-55	16	29	35	16	29	35	3.40	
1131	20-11-10	7-6	17	27	33	17	27	33	3.40	
1132	20-11-10	7-16	15	30	39	15	30	39	3.40	
1133	20-11-10	7-27	17	27	31	17	27	31	3.40	
1134	20-11-10	7-37	18	31	37	18	31	37	3.40	
1135	20-11-10	7-48	23	34	35	23	34	35	3.40	
1136	20-11-10	7-58	22	34	42	22	34	42	3.39	
1137	20-11-10	8-9	21	35	41	21	35	41	3.39	
1138	20-11-10	8-19	21	35	41	21	35	41	3.39	
1139	20-11-10	8-30	19	31	41	19	31	41	3.39	
1140	20-11-10	8-40	22	34	39	22	34	39	3.39	
1141	20-11-10	8-51	19	35	38	19	35	38	3.38	
1142	20-11-10	9-1	19	35	41	19	35	41	3.39	
1143	20-11-10	9-12	18	33	37	18	33	37	3.37	
1144	20-11-10	9-22	18	29	30	18	29	30	3.38	
1145	20-11-10	9-33	18	30	33	18	30	33	3.36	
1146	20-11-10	9-44	19	33	38	19	33	38	3.36	
1147	20-11-10	9-54	17	29	37	17	29	37	3.36	
1148	20-11-10	10-5	15	29	33	15	29	33	3.36	
1149	20-11-10	10-15	17	27	31	17	27	31	3.35	
1150	20-11-10	10-26	17	26	35	17	26	35	3.34	
1151	20-11-10	10-36	14	25	33	14	25	33	3.34	
1152	20-11-10	10-47	17	27	30	17	27	30	3.33	
1153	20-11-10	10-57	15	27	34	15	27	34	3.33	
1154	20-11-10	11-8	17	30	34	17	30	34	3.32	
1155	20-11-10	11-18	14	22	26	14	22	26	3.31	
1156	20-11-10	11-29	18	29	33	18	29	33	3.30	
1157	20-11-10	11-39	18	30	33	18	30	33	3.29	
1158	20-11-10	11-50	16	26	29	16	26	29	3.29	
1159	20-11-10	12-0	13	24	29	13	24	29	3.27	
1160	20-11-10	12-11	14	25	30	14	25	30	3.27	
1161	20-11-10	12-22	13	24	29	13	24	29	3.26	
1162	20-11-10	12-32	12	18	21	12	18	21	3.25	
1163	20-11-10	12-43	12	21	26	12	21	26	3.24	
1164	20-11-10	12-53	10	18	22	10	18	22	3.23	
1165	20-11-10	13-4	10	18	23	10	18	23	3.22	
1166	20-11-10	13-14	10	18	23	10	18	23	3.21	
1167	20-11-10	13-25	10	17	18	10	17	18	3.19	
1168	20-11-10	13-35	9	15	15	9	15	15	3.19	
1169	20-11-10	13-46	9	15	19	9	15	19	3.17	
1170	20-11-10	13-56	7	14	14	7	14	14	3.17	
1171	20-11-10	14-7	7	17	18	7	17	18	3.15	
1172	20-11-10	14-17	9	15	19	9	15	19	3.13	
1173	20-11-10	14-28	7	14	18	7	14	18	3.12	
1174	20-11-10	14-39	9	15	15	9	15	15	3.10	
1175	20-11-10	14-49	9	15	19	9	15	19	3.08	
1176	20-11-10	15-0	9	15	19	9	15	19	3.06	
1177	20-11-10	15-10	9	14	14	9	14	14	3.04	
1178	20-11-10	15-21	10	17	19	10	17	19	3.02	
1179	20-11-10	15-31	9	14	14	9	14	14	2.99	
1180	20-11-10	15-42	9	17	17	9	17	17	2.95	
1181	20-11-10	15-52	9	15	19	9	15	19	2.91	
1182	20-11-10	16-3	6	14	17	6	14	17	2.91	
1183	20-11-10	16-13	7	13	14	7	13	14	2.86	
1184	20-11-10	16-24	7	14	17	7	14	17	2.82	
1185	20-11-10	16-34	7	13	13	7	13	13	2.76	
1186	20-11-10	16-45	7	14	17	7	14	17	2.68	
1187	20-11-10	16-55	7	14	15	7	14	15	2.58	
1188	20-11-10	17-6	7	14	15	7	14	15	2.43	
1189	20-11-11	13-46	21	32	40	21	32	40	2.86	
1190	20-11-11	13-46	24	39	44	24	38	44	2.81	
1191	20-11-11	13-52	17	29	33	17	29	33	2.93	
1192	20-11-11	13-57	18	30	31	18	30	31	3.24	
1193	20-11-11	14-3	17	30	32	17	30	32	3.48	
1194	20-11-11	14-8	17	29	32	17	29	32	3.65	
1195	20-11-11	14-14	14	27	30	14	27	30	3.74	
1196	20-11-11	14-19	15	25	29	15	25	29	3.78	
1197	20-11-11	14-25	14	22	25	14	22	25	3.79	
1198	20-11-11	14-30	25	43	47	25	42	47	3.80	
1199	20-11-11	14-36	22	38	52	22	38	52	3.80	
1200	20-11-11	14-41	22	41	47	22	41	47	3.81	
1201	20-11-11	14-47	20	31	39	20	31	39	3.83	
1202	20-11-11	14-52	17	30	31	17	30	31	3.87	
1203	20-11-11	14-58	17	28	32	17	28	32	3.85	
1204	20-11-11	15-3	17	28	31	17	28	31	3.86	
1205	20-11-11	15-9	16	29	30	16	29	30	3.87	
1206	20-11-11	15-14	16	24	28	16	24	28	3.88	
1207	20-11-11	15-20	14	25	28	14	25	28	3.89	
1208	20-11-11	15-25	13	25	28	13	25	28	3.90	
1209	20-11-11	15-31	13	22	26	13	22	26	3.90	
1210	20-11-11	15-36	9	14	16	9	14	16	3.91	
1211	20-11-11	15-42	9	17	17	9	17	17	3.91	
1212	20-11-11	15-48	10	18	19	10	18	19	3.92	
1213	20-11-11	15-53	10	19	22	10	19	22	3.93	
1214	20-11-11	15-59	9	18	22	9	18	22	3.93	
1215	20-11-11	16-4	9	19	21	9	19	21	3.93	
1216	20-11-11	16-10	13	18	19	13	18	19	3.94	
1217	20-11-11	16-15	10	17	18	10	17	18	3.94	
1218	20-11-11	16-21	9	13	14	9	13	14	3.95	
1219	20-11-11	16-26	9	13	13	9	13	13	3.96	
1220	20-11-11	16-32	5	10	10	5	10	10	3.96	
1221	20-11-11	16-37	5	10	10	5	10	10	3.97	
1222	20-11-11	16-43	6	10	10	6	10	10	3.98	
1223	20-11-11	16-48	5	11	13	5	11	13	3.99	
1224	20-11-11	16-54	5	10	13	5	10	13	3.99	
1225	20-11-11	16-59	5	10	11	5	10	11	4.01	
1226	20-11-11	17-5	6	11	13	6	11	13	4.02	
1227	20-11-11	17-10	5	10	10	5	10	10	4.03	
1228	20-11-11	17-16	5	9	9	5	9	9	4.04	
1229	20-11-11	17-21	6	10	13	6	10	13	4.06	
1230	20-11-11	17-27	5	10	11	5	10	11	4.07	
1231	20-11-11	17-32	5	9	10	5	9	10	4.08	
1232	20-11-11	17-38	6	13	15	6	13	15	4.10	
1233	20-11-11	17-43	5	9	9	5	9	9	4.12	
1234	20-11-11	17-49	5	10	10	5	10	10	4.14	
1235	20-11-11	17-54	3	10	10	3	10	10	4.15	
1236	20-11-11	18-0	6	12	12	6	12	12	4.17	
1237	20-11-11	18-5	6	12	14	6	12	14	4.18	
1238	20-11-11	18-11	5	9	9	5	9	9	4.19	
1239	20-11-11	18-16	5	10	13	5	10	13	4.20	
1240	20-11-11	18-22	5	10	14	5	10	14	4.22	
1241	20-11-11	18-27	6	10	12	6	10	12	4.23	
1242	20-11-11	18-33	6	13	17	6	13	17	4.24	
1243	20-11-11	18-38	5	12	12	5	12	12	4.26	
1244	20-11-11	18-44	6	13	14	6	13	14	4.27	
1245	20-11-11	18-49	5	10	12	5	10	12	4.28	
1246	20-11-11	18-55	8	13	17	8	13	17	4.30	
1247	20-11-11	19-0	6	13	14	6	13	14	4.32	
1248	20-11-11	19-6	6	12	13	6	12	13	4.33	
1249	20-11-11	19-11	8	16	17	8	16	17	4.33	
1250	20-11-11	19-17	10	17	21	10	17	21	4.29	
1251	20-11-11	19-22	8	16	16	8	16	16	4.27	
1252	20-11-11	19-28	8	14	16	8	14	16	4.25	
1253	20-11-11	19-33	7	14	17	7	14	17	4.23	
1254	20-11-11	19-39	6	13	14	6	13	14	4.22	
1255	20-11-11	19-44	7	14	15	7	14	15	4.21	
1256	20-11-11	19-50	6	13	13	6	13	13	4.21	
1257	20-11-11	19-55	6	11	13	6	11	13	4.21	
1258	20-11-11	20-1	6	11	13	6	11	13	4.21	
1259	20-11-11	20-6	6	14	16	6	14	16	4.21	
1260	20-11-11	20-12	7	15	18	7	15	18	4.21	
1261	20-11-11	20-17	8	14	16	8	14	16	4.11	
1262	20-11-11	20-28	6	12	13	6	12	13	4.10	
1263	20-11-11	20-38	10	19	20	10	19	20	4.09	
1264	20-11-11	20-49	9	18	19	9	18	19	4.09	
1265	20-11-11	20-59	10	15	16	10	15	16	4.10	
1266	20-11-11	21-10	10	14	17	10	14	17	4.08	
1267	20-11-11	21-20	9	17	21	9	17	21	4.08	
1268	20-11-11	21-31	11	17	21	11	17	21	4.08	
1269	20-11-11	21-41	13	19	21	13	19	21	4.07	
1270	20-11-11	21-52	12	18	20	12	18	20	4.07	
1271	20-11-11	22-3	10	17	20	10	17	20	4.07	
1272	20-11-11	22-13	9	16	16	9	16	16	4.05	
1273	20-11-11	22-24	10	17	20	10	17	20	4.07	
1274	20-11-11	22-34	13	23	25	13	23	25	4.07	
1275	20-11-11	22-45	12	16	16	12	16	16	4.07	
1276	20-11-11	22-55	10	16	17	10	16	17	4.07	
1277	20-11-11	23-6	10	17	18	10	17	18	4.06	
1278	20-11-11	23-16	10	17	18	10	17	18	4.05	
1279	20-11-11	23-27	12	21	28	12	21	28	4.06	
1280	20-11-11	23-37	10	17	18	10	17	18	4.06	
1281	20-11-11	23-48	12	18	22	12	18	22	4.07	
1282	20-11-11	23-58	11	18	21	11	18	21	4.06	
1283	20-11-12	0-9	13	19	19	13	19	19	4.06	
1284	20-11-12	0-19	13	19	19	13	19	19	4.05	
1285	20-11-12	0-30	10	19	21	10	19	21	4.05	
1286	20-11-12	0-41	10	18	22	10	18	22	4.05	
1287	20-11-12	0-51	10	15	17	10	15	17	4.05	
1288	20-11-12	1-2	10	17	19	10	17	19	4.05	
1289	20-11-12	1-12	11	18	18	11	18	18	4.04	
1290	20-11-12	1-23	9	15	18	9	15	18	4.03	
1291	20-11-12	1-33	10	17	19	10	17	19	4.05	
1292	20-11-12	1-44	10	17	19	10	17	19	4.05	
1293	20-11-12	1-54	9	14	19	9	14	19	4.05	
1294	20-11-12	2-5	9	15	17	9	15	17	4.04	
1295	20-11-12	2-15	10	15	19	10	15	19	4.05	
1296	20-11-12	2-26	10	17	19	10	17	19	4.05	
1297	20-11-12	2-36	9	15	18	9	15	18	4.04	
1298	20-11-12	2-47	11	18	21	11	18	21	4.04	
1299	20-11-12	2-57	9	19	23	9	19	23	4.04	
1300	20-11-12	3-8	10	17	21	10	17	21	4.05	
1301	20-11-12	3-19	11	17	18	11	17	18	4.05	
1302	20-11-12	3-29	10	21	25	10	21	25	4.04	
1303	20-11-12	3-40	10	17	18	10	17	18	4.04	
1304	20-11-12	3-50	11	18	23	11	18	23	4.05	
1305	20-11-12	4-1	11	18	21	11	18	21	4.04	
1306	20-11-12	4-11	9	17	18	9	17	18	4.04	
1307	20-11-12	4-22	9	15	19	9	15	19	4.04	
1308	20-11-12	4-32	10	17	17	10	17	17	4.04	
1309	20-11-12	4-43	7	17	19	7	17	19	4.04	
1310	20-11-12	4-53	10	15	17	10	15	17	4.04	
1311	20-11-12	5-4	10	18	19	10	18	19	4.05	
1312	20-11-12	5-14	10	17	18	10	17	18	4.03	
1313	20-11-12	5-25	10	18	19	10	18	19	4.03	
1314	20-11-12	5-35	10	15	18	10	15	18	4.04	
1315	20-11-12	5-46	9	18	19	9	18	19	4.02	
1316	20-11-12	5-57	9	15	19	9	15	19	4.03	
1317	20-11-12	6-7	10	15	17	10	15	17	4.04	
1318	20-11-12	6-18	10	17	18	10	17	18	4.03	
1319	20-11-12	6-28	9	15	17	9	15	17	4.03	
1320	20-11-12	6-39	5	10	11	5	10	11	4.03	
1321	20-11-12	6-49	13	18	22	13	18	22	4.03	
1322	20-11-12	7-0	7	13	17	7	13	17	4.03	
1323	20-11-12	7-10	5	10	10	5	10	10	4.02	
1324	20-11-12	7-21	6	11	14	6	11	14	4.03	
1325	20-11-12	7-31	5	10	11	5	10	11	4.02	
1326	20-11-12	7-42	10	19	20	10	19	20	4.03	
1327	20-11-12	7-52	8	14	14	8	14	14	4.03	
1328	20-11-12	8-3	11	16	17	11	16	17	4.03	
1329	20-11-12	8-13	7	14	14	7	14	14	4.03	
1330	20-11-12	8-24	11	22	24	11	22	24	4.02	
1331	20-11-12	8-35	10	18	20	10	18	20	4.03	
1332	20-11-12	8-45	10	20	21	10	20	21	4.02	
1333	20-11-12	8-56	9	16	18	9	16	18	4.02	
1334	20-11-12	9-6	9	17	18	9	17	18	4.02	
1335	20-11-12	9-17	9	16	17	9	16	17	4.04	
1336	20-11-12	9-27	8	14	14	8	14	14	4.03	
1337	20-11-12	9-38	8	13	14	8	13	14	4.02	
1338	20-11-12	9-48	8	14	18	8	14	18	4.02	
1339	20-11-12	9-59	8	14	16	8	14	16	4.02	
1340	20-11-12	10-9	9	14	16	9	14	16	4.02	
1341	20-11-12	10-20	9	14	14	9	14	14	4.02	
1342	20-11-12	10-30	9	16	18	9	16	18	4.02	
1343	20-11-12	10-41	10	17	17	10	17	17	4.02	
1344	20-11-12	10-51	8	14	17	8	14	17	4.01	
1345	20-11-12	11-2	8	16	16	8	16	16	4.01	
1346	20-11-12	11-13	9	16	18	9	16	18	4.02	
1347	20-11-12	11-23	9	17	17	9	17	17	4.01	
1348	20-11-12	11-34	9	14	16	9	14	16	4.01	
1349	20-11-12	11-44	8	17	18	8	17	18	4.01	
1350	20-11-12	11-55	9	14	14	9	14	14	4.01	
1351	20-11-12	12-5	6	11	11	6	11	11	4.01	
1352	20-11-12	12-16	3	7	7	3	7	7	4.01	
1353	20-11-12	12-26	3	8	8	3	8	8	4.01	
1354	20-11-12	12-37	11	19	21	11	19	21	4.01	
1355	20-11-12	12-47	10	18	22	10	18	22	4.01	
1356	20-11-12	12-58	11	19	22	11	19	22	4.01	
1357	20-11-12	13-8	11	17	19	11	17	19	4.00	
1358	20-11-12	13-19	14	18	19	14	18	19	4.00	
1359	20-11-12	13-29	14	21	23	14	21	23	4.00	
1360	20-11-12	13-40	14	22	27	14	22	27	4.00	
1361	20-11-12	13-51	3	7	9	3	7	9	4.00	
1362	20-11-12	14-1	13	19	19	13	19	19	4.00	
1363	20-11-12	14-12	14	21	23	14	21	23	4.00	
1364	20-11-12	14-22	13	23	26	13	23	26	4.00	
1365	20-11-12	14-33	13	21	22	13	21	22	4.00	
1366	20-11-12	14-43	13	21	22	13	21	22	4.00	
1367	20-11-12	14-54	14	25	25	14	25	25	3.99	
1368	20-11-12	15-4	12	20	22	12	20	22	4.01	
1369	20-11-12	15-15	10	17	17	10	17	17	3.99	
1370	20-11-12	15-25	12	20	21	12	20	21	3.99	
1371	20-11-12	15-36	12	20	21	12	20	21	3.99	
1372	20-11-12	15-46	10	21	22	10	21	22	3.99	
1373	20-11-12	15-57	13	21	21	13	21	21	3.99	
1374	20-11-12	16-7	9	16	18	9	16	18	3.98	
1375	20-11-12	16-18	13	21	22	13	21	22	3.99	
1376	20-11-12	16-29	14	25	26	14	25	26	3.99	
1377	20-11-12	16-39	16	25	33	16	25	33	3.98	
1378	20-11-12	16-50	12	21	30	12	21	30	3.98	
1379	20-11-12	17-0	16	22	28	16	22	28	3.98	
1380	20-11-12	17-11	14	21	21	14	21	21	3.98	
1381	20-11-12	17-21	12	22	24	12	22	24	3.98	
1382	20-11-12	17-32	14	24	29	14	24	29	3.98	
1383	20-11-12	17-42	14	22	24	14	22	24	3.98	
1384	20-11-12	17-53	13	24	28	13	24	28	3.98	
1385	20-11-12	18-3	16	25	28	16	25	28	3.97	
1386	20-11-12	18-14	14	25	28	14	25	28	3.98	
1387	20-11-12	18-24	14	26	30	14	26	30	3.97	
1388	20-11-12	18-35	18	26	29	18	26	29	3.94	
1389	20-11-12	18-45	17	26	29	17	26	29	3.97	
1390	20-11-12	18-56	17	28	28	17	28	28	3.97	
1391	20-11-12	19-7	18	28	29	18	28	29	3.96	
1392	20-11-12	19-17	14	25	29	14	25	29	3.96	
1393	20-11-12	19-28	17	28	29	17	28	29	3.96	
1394	20-11-12	19-38	16	26	26	16	26	26	3.97	
1395	20-11-12	19-49	16	28	29	16	28	29	3.96	
1396	20-11-12	19-59	17	28	29	17	28	29	3.96	
1397	20-11-12	20-10	16	25	32	16	25	32	3.96	
1398	20-11-12	20-20	17	25	29	17	25	29	3.97	
1399	20-11-12	20-31	17	29	33	17	29	33	3.96	
1400	20-11-12	20-41	15	30	33	15	30	33	3.95	
1401	20-11-12	20-52	18	30	32	18	30	32	3.96	
1402	20-11-12	21-2	17	26	30	17	26	30	3.96	
1403	20-11-12	21-13	18	30	32	18	30	32	3.96	
1404	20-11-12	21-24	16	26	34	16	26	34	3.96	
1405	20-11-12	21-34	16	28	34	16	28	34	3.96	
1406	20-11-12	21-45	16	26	29	16	26	29	3.95	
1407	20-11-12	21-55	18	28	32	18	28	32	3.96	
1408	20-11-12	22-6	17	29	30	17	29	30	3.95	
1409	20-11-12	22-16	20	30	33	20	30	33	3.95	
1410	20-11-12	22-27	21	35	35	21	35	35	3.95	
1411	20-11-12	22-37	21	37	43	21	37	43	3.95	
1412	20-11-12	22-48	24	38	40	24	38	40	3.95	
1413	20-11-12	22-58	22	40	41	22	40	42	3.96	
1414	20-11-12	23-9	20	35	38	20	35	38	3.94	
1415	20-11-12	23-19	16	28	30	16	28	30	3.94	
1416	20-11-12	23-30	20	35	42	20	35	42	3.94	
1417	20-11-12	23-40	18	31	37	18	31	37	3.94	
1418	20-11-12	23-51	18	32	36	18	32	36	3.94	
1419	20-11-13	0-2	20	34	37	20	34	37	3.94	
1420	20-11-13	0-12	17	32	37	17	32	37	3.94	
1421	20-11-13	0-23	20	33	37	20	33	37	3.94	
1422	20-11-13	0-33	17	26	30	17	26	30	3.94	
1423	20-11-13	0-44	18	30	33	18	30	33	3.93	
1424	20-11-13	0-54	17	34	37	17	34	37	3.94	
1425	20-11-13	1-5	18	33	36	18	33	36	3.93	
1426	20-11-13	1-15	18	29	32	18	29	32	3.93	
1427	20-11-13	1-26	17	30	33	17	30	33	3.93	
1428	20-11-13	1-36	17	28	29	17	28	29	3.93	
1429	20-11-13	1-47	17	29	33	17	29	33	3.93	
1430	20-11-13	1-57	18	28	30	18	28	30	3.93	
1431	20-11-13	2-8	16	24	25	16	24	25	3.93	
1432	20-11-13	2-18	16	28	30	16	28	30	3.93	
1433	20-11-13	2-29	15	27	29	15	27	29	3.92	
1434	20-11-13	2-40	16	28	32	16	28	32	3.92	
1435	20-11-13	2-50	17	30	30	17	30	30	3.92	
1436	20-11-13	3-1	15	25	27	15	25	27	3.92	
1437	20-11-13	3-11	17	25	26	17	25	26	3.92	
1438	20-11-13	3-22	15	25	27	15	25	27	3.91	
1439	20-11-13	3-32	14	22	25	14	22	25	3.92	
1440	20-11-13	3-43	17	27	29	17	27	29	3.92	
1441	20-11-13	3-53	15	25	26	15	25	26	3.92	
1442	20-11-13	4-4	14	23	27	14	23	27	3.92	
1443	20-11-13	4-14	14	26	27	14	26	27	3.91	
1444	20-11-13	4-25	14	22	22	14	22	22	3.92	
1445	20-11-13	4-35	14	22	22	14	22	22	3.91	
1446	20-11-13	4-46	14	25	30	14	25	30	3.92	
1447	20-11-13	4-56	13	22	22	13	22	22	3.92	
1448	20-11-13	5-7	15	25	27	15	25	27	3.92	
1449	20-11-13	5-18	14	22	27	14	22	27	3.92	
1450	20-11-13	5-28	14	25	26	14	25	26	3.91	
1451	20-11-13	5-39	14	22	25	14	22	25	3.91	
1452	20-11-13	5-49	14	22	26	14	22	26	3.91	
1453	20-11-13	6-0	14	21	23	14	21	23	3.91	
1454	20-11-13	6-10	14	22	23	14	22	23	3.91	
1455	20-11-13	6-21	14	23	25	14	23	25	3.91	
1456	20-11-13	6-31	14	23	25	14	23	25	3.91	
1457	20-11-13	6-42	13	21	21	13	21	21	3.91	
1458	20-11-13	6-52	13	23	23	13	23	23	3.90	
1459	20-11-13	7-3	10	18	20	10	18	20	3.90	
1460	20-11-13	7-13	9	16	16	9	16	16	3.91	
1461	20-11-13	7-24	9	15	17	9	15	17	3.90	
1462	20-11-13	7-34	9	14	14	9	14	14	3.91	
1463	20-11-13	7-45	12	21	23	12	21	23	3.90	
1464	20-11-13	7-56	8	16	17	8	16	17	3.89	
1465	20-11-13	8-6	15	23	26	15	23	26	3.90	
1466	20-11-13	8-17	13	21	24	13	21	24	3.90	
1467	20-11-13	8-27	17	28	32	17	28	32	3.90	
1468	20-11-13	8-38	19	30	33	19	30	33	3.90	
1469	20-11-13	8-48	16	30	38	16	30	38	3.90	
1470	20-11-13	8-59	18	34	37	18	34	37	3.89	
1471	20-11-13	9-9	15	27	36	15	27	36	3.90	
1472	20-11-13	9-20	16	26	31	16	26	31	3.90	
1473	20-11-13	9-30	14	22	24	14	22	24	3.88	
1474	20-11-13	9-41	15	24	27	15	24	27	3.90	
1475	20-11-13	9-51	14	22	24	14	22	24	3.89	
1476	20-11-13	10-2	16	24	25	16	24	25	3.90	
1477	20-11-13	10-12	12	20	24	12	20	24	3.90	
1478	20-11-13	10-23	12	19	19	12	19	19	3.89	
1479	20-11-13	10-34	12	20	21	12	20	21	3.89	
1480	20-11-13	10-44	14	21	23	14	21	23	3.89	
1481	20-11-13	10-55	12	23	29	12	23	29	3.89	
1482	20-11-13	11-5	14	21	23	14	21	23	3.90	
1483	20-11-13	11-16	12	19	20	12	19	20	3.89	
1484	20-11-13	11-26	15	23	25	15	23	25	3.91	
1485	20-11-13	11-37	14	23	23	14	23	23	3.89	
1486	20-11-13	11-47	12	22	26	12	22	26	3.89	
1487	20-11-13	11-58	15	25	27	15	25	27	3.90	
1488	20-11-13	12-8	14	22	28	14	22	28	3.88	
1489	20-11-13	12-19	13	21	22	13	21	22	3.88	
1490	20-11-13	12-29	15	25	29	15	25	29	3.88	
1491	20-11-13	12-40	15	26	28	15	26	28	3.88	
1492	20-11-13	12-50	15	22	23	15	22	23	3.89	
1493	20-11-13	13-1	15	23	26	15	23	26	3.88	
1494	20-11-13	13-12	14	26	34	14	26	34	3.87	
1495	20-11-13	13-22	17	26	29	17	26	29	3.88	
1496	20-11-13	13-33	14	25	28	14	25	28	3.88	
1497	20-11-13	13-43	17	28	32	17	28	32	3.87	
1498	20-11-13	13-54	14	25	29	14	25	29	3.88	
1499	20-11-13	14-4	14	24	27	14	24	27	3.88	
1500	20-11-13	14-15	16	24	27	16	24	27	3.88	
1501	20-11-13	14-25	14	25	27	14	25	27	3.87	
1502	20-11-13	14-36	13	22	25	13	22	25	3.88	
1503	20-11-13	14-46	17	27	27	17	27	27	3.87	
1504	20-11-13	14-57	13	18	21	13	18	21	3.87	
1505	20-11-13	15-7	14	23	24	14	23	24	3.87	
1506	20-11-13	15-18	14	25	31	14	25	31	3.87	
1507	20-11-13	15-28	14	21	23	14	21	23	3.87	
1508	20-11-13	15-39	12	20	21	12	20	21	3.87	
1509	20-11-13	15-50	13	20	23	13	20	23	3.87	
1510	20-11-13	16-0	14	24	28	14	24	28	3.87	
1511	20-11-13	16-11	13	24	24	13	24	24	3.86	
1512	20-11-13	16-21	14	24	27	14	24	27	3.87	
1513	20-11-13	16-32	17	25	29	17	25	29	3.87	
1514	20-11-13	16-42	16	25	29	16	25	29	3.87	
1515	20-11-13	16-53	15	25	25	15	25	25	3.87	
1516	20-11-13	17-3	16	27	30	16	27	30	3.86	
1517	20-11-13	17-14	14	24	24	14	24	24	3.86	
1518	20-11-13	17-24	13	23	27	13	23	27	3.86	
1519	20-11-13	17-35	14	24	27	14	24	27	3.86	
1520	20-11-13	17-45	16	28	32	16	28	32	3.86	
1521	20-11-13	17-56	16	31	35	16	31	35	3.86	
1522	20-11-13	18-6	17	25	29	17	25	29	3.86	
1523	20-11-13	18-17	16	27	28	16	27	28	3.86	
1524	20-11-13	18-28	16	31	37	16	31	37	3.86	
1525	20-11-13	18-38	15	27	31	15	27	31	3.85	
1526	20-11-13	18-49	20	34	35	20	34	35	3.85	
1527	20-11-13	18-59	20	34	39	20	34	39	3.85	
1528	20-11-13	19-10	17	30	32	17	30	32	3.85	
1529	20-11-13	19-20	19	32	38	19	32	38	3.85	
1530	20-11-13	19-31	19	29	31	19	29	31	3.85	
1531	20-11-13	19-41	18	34	38	18	34	38	3.85	
1532	20-11-13	19-52	21	33	36	21	33	36	3.85	
1533	20-11-13	20-2	21	31	35	21	31	35	3.85	
1534	20-11-13	20-13	18	37	41	18	37	41	3.85	
1535	20-11-13	20-23	18	31	35	18	31	35	3.85	
1536	20-11-13	20-34	17	32	39	17	32	39	3.84	
1537	20-11-13	20-44	20	29	30	20	29	30	3.85	
1538	20-11-13	20-55	21	37	41	21	37	41	3.85	
1539	20-11-13	21-6	21	34	44	21	34	44	3.84	
1540	20-11-13	21-16	22	33	37	22	33	37	3.84	
1541	20-11-13	21-27	21	32	36	21	32	36	3.84	
1542	20-11-13	21-37	17	29	30	17	29	30	3.84	
1543	20-11-13	21-48	18	27	28	18	27	28	3.84	
1544	20-11-13	21-58	21	35	36	21	35	36	3.84	
1545	20-11-13	22-9	17	29	31	17	29	31	3.84	
1546	20-11-13	22-19	17	32	33	17	32	33	3.84	
1547	20-11-13	22-30	20	29	32	20	29	32	3.84	
1548	20-11-13	22-40	20	33	36	20	33	36	3.83	
1549	20-11-13	22-51	17	31	32	17	31	32	3.83	
1550	20-11-13	23-1	16	30	35	16	30	35	3.83	
1551	20-11-13	23-12	17	34	41	17	34	41	3.81	
1552	20-11-13	23-22	19	31	34	19	31	34	3.82	
1553	20-11-13	23-33	17	32	35	17	32	35	3.83	
1554	20-11-13	23-44	17	32	34	17	32	34	3.83	
1555	20-11-13	23-54	17	34	41	17	34	41	3.82	
1556	20-11-14	0-5	17	30	30	17	30	30	3.83	
1557	20-11-14	0-15	16	27	28	16	27	28	3.82	
1558	20-11-14	0-26	16	27	31	16	27	31	3.82	
1559	20-11-14	0-36	16	27	31	16	27	31	3.82	
1560	20-11-14	0-47	15	27	31	15	27	31	3.83	
1561	20-11-14	0-57	15	27	32	15	27	32	3.81	
1562	20-11-14	1-8	13	24	27	13	24	27	3.82	
1563	20-11-14	1-18	16	30	32	16	30	32	3.82	
1564	20-11-14	1-29	13	23	24	13	23	24	3.82	
1565	20-11-14	1-39	16	27	32	16	27	32	3.81	
1566	20-11-14	1-50	14	25	28	14	25	28	3.81	
1567	20-11-14	2-0	14	23	25	14	23	25	3.80	
1568	20-11-14	2-11	17	27	28	17	27	28	3.81	
1569	20-11-14	2-22	16	27	32	16	27	32	3.81	
1570	20-11-14	2-32	17	29	33	17	29	33	3.82	
1571	20-11-14	2-43	14	25	31	14	25	31	3.81	
1572	20-11-14	2-53	19	31	34	19	31	34	3.81	
1573	20-11-14	3-4	17	29	43	17	29	43	3.81	
1574	20-11-14	3-14	17	29	33	17	29	33	3.81	
1575	20-11-14	3-25	19	31	36	19	31	36	3.80	
1576	20-11-14	3-35	20	34	36	20	34	36	3.80	
1577	20-11-14	3-46	19	32	35	19	32	35	3.80	
1578	20-11-14	3-56	21	32	35	21	32	35	3.80	
1579	20-11-14	4-7	21	37	40	21	37	40	3.80	
1580	20-11-14	4-17	21	34	36	21	34	36	3.80	
1581	20-11-14	4-28	24	46	50	24	43	50	3.80	
1582	20-11-14	4-38	28	46	50	27	43	50	3.80	
1583	20-11-14	4-49	24	36	44	24	36	44	3.80	
1584	20-11-14	5-0	27	42	49	27	41	49	3.78	
1585	20-11-14	5-10	25	40	42	25	40	42	3.80	
1586	20-11-14	5-21	24	42	49	24	41	49	3.77	
1587	20-11-14	5-31	24	40	46	24	40	46	3.79	
1588	20-11-14	5-42	27	40	43	27	40	43	3.79	
1589	20-11-14	5-52	23	39	44	23	39	44	3.79	
1590	20-11-14	6-3	23	36	39	23	36	39	3.79	
1591	20-11-14	6-13	24	39	42	24	39	42	3.79	
1592	20-11-14	6-24	19	35	40	19	35	40	3.78	
1593	20-11-14	6-34	23	42	44	23	40	44	3.78	
1594	20-11-14	6-45	24	36	38	24	36	38	3.78	
1595	20-11-14	6-55	19	35	42	19	35	42	3.78	
1596	20-11-14	7-6	20	36	40	20	36	40	3.78	
1597	20-11-14	7-16	21	40	46	21	40	46	3.78	
1598	20-11-14	7-27	20	39	46	20	39	46	3.77	
1599	20-11-14	7-38	21	35	42	21	35	42	3.77	
1600	20-11-14	7-48	18	33	37	18	33	37	3.78	
1601	20-11-14	7-59	20	39	46	20	39	46	3.77	
1602	20-11-14	8-9	18	32	36	18	32	36	3.77	
1603	20-11-14	8-20	17	36	40	17	36	40	3.76	
1604	20-11-14	8-30	21	36	39	21	36	39	3.77	
1605	20-11-14	8-41	21	36	41	21	36	41	3.76	
1606	20-11-14	8-51	21	36	37	21	36	37	3.77	
1607	20-11-14	9-2	23	39	43	23	39	43	3.76	
1608	20-11-14	9-12	20	35	37	20	35	37	3.76	
1609	20-11-14	9-23	23	39	43	23	39	43	3.76	
1610	20-11-14	9-33	24	41	48	24	40	48	3.76	
1611	20-11-14	9-44	25	38	40	25	38	40	3.75	
1612	20-11-14	9-54	21	32	35	21	32	35	3.76	
1613	20-11-14	10-5	21	39	43	21	39	43	3.75	
1614	20-11-14	10-16	23	37	39	23	37	39	3.75	
1615	20-11-14	10-26	27	44	48	27	43	46	3.75	
1616	20-11-14	10-37	24	39	44	24	39	44	3.74	
1617	20-11-14	10-47	20	38	44	20	38	44	3.75	
1618	20-11-14	10-58	23	37	40	23	37	40	3.75	
1619	20-11-14	11-8	23	37	42	23	37	42	3.75	
1620	20-11-14	11-19	23	36	48	23	36	48	3.74	
1621	20-11-14	11-29	24	39	44	24	39	44	3.75	
1622	20-11-14	11-40	23	33	37	23	33	37	3.74	
1623	20-11-14	11-50	24	37	43	24	37	43	3.74	
1624	20-11-14	12-1	21	36	43	21	36	43	3.74	
1625	20-11-14	12-11	24	46	51	24	43	51	3.74	
1626	20-11-14	12-22	25	43	48	25	42	48	3.74	
1627	20-11-14	12-32	25	43	47	25	42	47	3.74	
1628	20-11-14	12-43	22	36	44	22	36	44	3.73	
1629	20-11-14	12-54	27	43	50	27	42	50	3.73	
1630	20-11-14	13-4	25	40	42	25	40	42	3.75	
1631	20-11-14	13-15	25	44	51	25	43	51	3.73	
1632	20-11-14	13-25	23	37	43	23	37	43	3.73	
1633	20-11-14	13-36	23	41	44	23	41	44	3.73	
1634	20-11-14	13-46	27	42	48	27	40	48	3.72	
1635	20-11-14	13-57	26	43	49	26	41	49	3.72	
1636	20-11-14	14-7	26	47	55	26	44	55	3.72	
1637	20-11-14	14-18	26	47	55	26	44	55	3.72	
1638	20-11-14	14-28	29	54	63	28	48	62	3.72	
1639	20-11-14	14-39	28	48	58	27	44	58	3.72	
1640	20-11-14	14-49	28	47	51	27	44	51	3.73	
1641	20-11-14	15-0	27	49	55	27	45	55	3.71	
1642	20-11-14	15-10	29	47	52	28	44	52	3.72	
1643	20-11-14	15-21	28	48	57	27	44	57	3.71	
1644	20-11-14	15-32	27	44	55	27	43	55	3.70	
1645	20-11-14	15-42	27	46	52	27	43	52	3.72	
1646	20-11-14	15-53	29	50	55	28	46	55	3.71	
1647	20-11-14	16-3	25	42	49	25	40	49	3.70	
1648	20-11-14	16-14	27	49	53	27	45	53	3.71	
1649	20-11-14	16-24	27	43	46	27	42	46	3.70	
1650	20-11-14	16-35	30	50	56	28	46	56	3.70	
1651	20-11-14	16-45	28	47	55	27	44	55	3.70	
1652	20-11-14	16-56	30	48	60	28	45	60	3.70	
1653	20-11-14	17-6	27	51	56	27	47	56	3.70	
1654	20-11-14	17-17	35	59	69	31	51	66	3.71	
1655	20-11-14	17-27	32	54	60	30	49	60	3.69	
1656	20-11-14	17-38	30	53	60	28	47	60	3.69	
1657	20-11-14	17-48	33	60	68	30	52	66	3.69	
1658	20-11-14	17-59	28	49	57	27	45	57	3.70	
1659	20-11-14	18-10	35	62	68	31	53	65	3.71	
1660	20-11-14	18-20	30	47	54	28	45	54	3.69	
1661	20-11-14	18-31	32	55	62	30	49	61	3.70	
1662	20-11-14	18-41	35	61	68	31	53	65	3.69	
1663	20-11-14	18-52	31	54	62	30	49	61	3.69	
1664	20-11-14	19-2	33	55	64	30	49	63	3.68	
1665	20-11-14	19-13	34	60	64	31	52	63	3.69	
1666	20-11-14	19-23	30	53	64	29	49	63	3.67	
1667	20-11-14	19-34	32	50	58	29	46	58	3.68	
1668	20-11-14	19-44	32	53	64	29	48	62	3.68	
1669	20-11-14	19-55	34	54	58	30	48	58	3.68	
1670	20-11-14	20-5	33	57	63	30	51	61	3.67	
1671	20-11-14	20-16	33	57	66	30	50	64	3.68	
1672	20-11-14	20-26	37	62	66	31	53	63	3.68	
1673	20-11-14	20-37	36	65	70	32	54	66	3.67	
1674	20-11-14	20-48	36	56	60	32	49	60	3.68	
1675	20-11-14	20-58	41	73	85	34	58	74	3.68	
1676	20-11-14	21-9	41	74	85	34	58	74	3.68	
1677	20-11-14	21-19	40	72	81	34	57	73	3.67	
1678	20-11-14	21-30	38	68	80	33	56	72	3.67	
1679	20-11-14	21-40	37	61	68	32	52	65	3.68	
1680	20-11-14	21-51	33	58	65	30	50	62	3.67	
1681	20-11-14	22-1	34	61	74	30	52	69	3.67	
1682	20-11-14	22-12	40	64	77	34	53	71	3.67	
1683	20-11-14	22-22	38	69	78	33	56	70	3.67	
1684	20-11-14	22-33	49	84	103	38	63	84	3.66	
1685	20-11-14	22-43	56	96	108	41	67	87	3.67	
1686	20-11-14	22-54	51	88	105	39	65	85	3.66	
1687	20-11-14	23-4	49	88	102	39	64	83	3.66	
1688	20-11-14	23-15	49	95	120	39	67	91	3.66	
1689	20-11-14	23-26	52	95	117	40	66	91	3.66	
1690	20-11-14	23-36	52	90	94	40	64	80	3.66	
1691	20-11-14	23-47	47	86	100	37	63	83	3.66	
1692	20-11-14	23-57	50	91	101	38	65	82	3.65	
1693	20-11-15	0-8	45	79	93	37	61	79	3.66	
1694	20-11-15	0-18	46	81	101	37	61	82	3.65	
1695	20-11-15	0-29	47	77	86	37	59	75	3.66	
1696	20-11-15	0-39	46	81	99	37	61	82	3.65	
1697	20-11-15	0-50	43	77	92	35	59	79	3.65	
1698	20-11-15	1-0	46	79	90	37	61	77	3.66	
1699	20-11-15	1-11	43	74	82	35	58	72	3.66	
1700	20-11-15	1-21	46	78	87	37	59	75	3.65	
1701	20-11-15	1-32	45	75	81	37	58	73	3.65	
1702	20-11-15	1-42	43	75	90	35	58	77	3.66	
1703	20-11-15	1-53	46	78	90	37	59	77	3.66	
1704	20-11-15	2-4	49	85	101	38	62	82	3.66	
1705	20-11-15	2-14	46	79	95	37	60	80	3.64	
1706	20-11-15	2-25	44	78	92	36	60	78	3.65	
1707	20-11-15	2-35	43	78	96	35	59	81	3.66	
1708	20-11-15	2-46	44	79	93	36	60	80	3.65	
1709	20-11-15	2-56	45	79	91	37	61	78	3.65	
1710	20-11-15	3-7	46	87	93	37	64	80	3.64	
1711	20-11-15	3-17	45	78	96	37	59	81	3.65	
1712	20-11-15	3-28	44	84	98	36	62	82	3.65	
1713	20-11-15	3-38	45	79	97	37	60	81	3.66	
1714	20-11-15	3-49	49	85	95	39	63	80	3.64	
1715	20-11-15	3-59	46	77	89	37	60	77	3.65	
1716	20-11-15	4-10	45	79	97	37	60	81	3.64	
1717	20-11-15	4-20	45	84	92	37	63	79	3.62	
1718	20-11-15	4-31	47	83	98	37	61	82	3.63	
1719	20-11-15	4-42	49	88	102	38	64	83	3.64	
1720	20-11-15	4-52	46	82	95	37	61	81	3.64	
1721	20-11-15	5-3	49	86	95	39	63	80	3.64	
1722	20-11-15	5-13	50	93	108	38	66	87	3.64	
1723	20-11-15	5-24	48	84	94	37	62	81	3.64	
1724	20-11-15	5-34	52	90	104	40	65	84	3.64	
1725	20-11-15	5-45	51	87	103	39	63	83	3.65	
1726	20-11-15	5-55	53	96	108	40	67	87	3.63	
1727	20-11-15	6-6	49	84	97	38	63	81	3.63	
1728	20-11-15	6-16	46	80	88	37	61	76	3.64	
1729	20-11-15	6-27	51	87	100	38	64	83	3.64	
1730	20-11-15	6-37	50	87	105	38	63	85	3.64	
1731	20-11-15	6-48	54	87	98	41	63	82	3.64	
1732	20-11-15	6-58	48	80	95	37	61	80	3.64	
1733	20-11-15	7-9	52	89	96	40	64	81	3.64	
1734	20-11-15	7-20	52	84	100	40	62	82	3.64	
1735	20-11-15	7-30	53	92	104	40	65	84	3.63	
1736	20-11-15	7-41	49	81	93	38	61	79	3.64	
1737	20-11-15	7-51	48	87	99	37	64	83	3.64	
1738	20-11-15	8-2	49	79	85	38	60	75	3.64	
1739	20-11-15	8-12	45	84	92	37	63	79	3.63	
1740	20-11-15	8-23	48	84	101	37	62	82	3.64	
1741	20-11-15	8-33	41	74	82	34	58	73	3.63	
1742	20-11-15	8-44	40	70	78	34	57	70	3.63	
1743	20-11-15	8-54	37	68	80	32	56	72	3.63	
1744	20-11-15	9-5	34	58	73	30	50	68	3.63	
1745	20-11-15	9-15	32	53	57	29	48	57	3.63	
1746	20-11-15	9-26	30	55	60	29	48	60	3.62	
1747	20-11-15	9-36	30	56	72	29	49	67	3.63	
1748	20-11-15	9-47	33	54	64	30	48	62	3.63	
1749	20-11-15	9-58	32	56	58	29	49	58	3.62	
1750	20-11-15	10-8	33	56	60	30	49	60	3.62	
1751	20-11-15	10-19	29	49	54	28	45	54	3.63	
1752	20-11-15	10-29	29	50	57	28	46	57	3.63	
1753	20-11-15	10-40	28	44	46	26	42	46	3.63	
1754	20-11-15	10-50	26	45	57	26	42	57	3.63	
1755	20-11-15	11-1	24	41	48	24	40	48	3.63	
1756	20-11-15	11-11	24	41	45	24	40	45	3.63	
1757	20-11-15	11-22	24	42	49	24	41	49	3.63	
1758	20-11-15	11-32	22	40	46	22	40	46	3.63	
1759	20-11-15	11-43	22	42	42	22	41	42	3.62	
1760	20-11-15	11-53	23	41	47	23	40	47	3.62	
1761	20-11-15	12-4	20	39	47	20	39	47	3.62	
1762	20-11-15	12-14	21	34	34	21	34	34	3.62	
1763	20-11-15	12-25	20	36	40	20	36	40	3.63	
1764	20-11-15	12-36	20	33	36	20	33	36	3.62	
1765	20-11-15	12-46	20	34	38	20	34	38	3.62	
1766	20-11-15	12-57	20	33	40	20	33	40	3.62	
1767	20-11-15	13-7	20	33	36	20	33	36	3.62	
1768	20-11-15	13-18	18	34	37	18	34	37	3.62	
1769	20-11-15	13-28	17	33	37	17	33	37	3.62	
1770	20-11-15	13-39	21	39	43	21	39	43	3.60	
1771	20-11-15	13-49	18	36	41	18	36	41	3.62	
1772	20-11-15	14-0	21	36	40	21	36	40	3.62	
1773	20-11-15	14-10	20	30	37	20	30	37	3.62	
1774	20-11-15	14-21	18	31	35	18	31	35	3.62	
1775	20-11-15	14-31	19	32	35	19	32	35	3.62	
1776	20-11-15	14-42	22	34	39	22	34	39	3.62	
1777	20-11-15	14-52	17	27	27	17	27	27	3.62	
1778	20-11-15	15-3	21	36	43	21	36	43	3.61	
1779	20-11-15	15-14	21	34	35	21	34	35	3.62	
1780	20-11-15	15-24	19	30	35	19	30	35	3.62	
1781	20-11-15	15-35	22	38	40	22	38	40	3.61	
1782	20-11-15	15-45	19	34	39	19	34	39	3.62	
1783	20-11-15	15-56	21	35	42	21	35	42	3.61	
1784	20-11-15	16-6	19	35	42	19	35	42	3.62	
1785	20-11-15	16-17	21	39	44	21	39	44	3.61	
1786	20-11-15	16-27	19	31	35	19	31	35	3.61	
1787	20-11-15	16-38	21	36	39	21	36	39	3.62	
1788	20-11-15	16-48	19	31	31	19	31	31	3.61	
1789	20-11-15	16-59	20	30	34	20	30	34	3.61	
1790	20-11-15	17-9	18	36	38	18	36	38	3.60	
1791	20-11-15	17-20	18	30	30	18	30	30	3.61	
1792	20-11-15	17-30	18	32	33	18	32	33	3.61	
1793	20-11-15	17-41	20	37	40	20	37	40	3.59	
1794	20-11-15	17-52	21	37	46	21	37	46	3.62	
1795	20-11-15	18-2	22	34	40	22	34	40	3.61	
1796	20-11-15	18-13	20	41	44	20	40	44	3.61	
1797	20-11-15	18-23	24	42	43	24	40	43	3.61	
1798	20-11-15	18-34	20	40	45	20	40	45	3.61	
1799	20-11-15	18-44	25	45	56	25	43	56	3.61	
1800	20-11-15	18-55	25	46	47	25	43	47	3.61	
1801	20-11-15	19-5	28	46	53	26	44	53	3.61	
1802	20-11-15	19-16	26	45	51	26	43	51	3.61	
1803	20-11-15	19-26	27	50	54	27	46	54	3.60	
1804	20-11-15	19-37	27	50	55	27	46	55	3.60	
1805	20-11-15	19-47	26	48	56	26	44	56	3.61	
1806	20-11-15	19-58	28	46	52	26	44	52	3.61	
1807	20-11-15	20-8	25	47	48	25	44	48	3.61	
1808	20-11-15	20-19	26	47	48	26	44	48	3.60	
1809	20-11-15	20-30	28	49	51	26	45	51	3.61	
1810	20-11-15	20-40	26	44	53	26	42	53	3.59	
1811	20-11-15	20-51	28	51	67	26	46	64	3.60	
1812	20-11-15	21-1	28	48	53	26	44	53	3.61	
1813	20-11-15	21-12	24	48	54	24	44	54	3.61	
1814	20-11-15	21-22	30	58	65	29	50	62	3.60	
1815	20-11-15	21-33	27	50	62	26	46	60	3.60	
1816	20-11-15	21-43	33	56	68	30	50	64	3.61	
1817	20-11-15	21-54	29	52	59	27	47	59	3.60	
1818	20-11-15	22-4	26	47	63	26	43	62	3.58	
1819	20-11-15	22-15	30	51	61	29	46	59	3.60	
1820	20-11-15	22-25	27	51	61	26	46	59	3.57	
1821	20-11-15	22-36	29	49	58	27	45	58	3.60	
1822	20-11-15	22-46	30	54	68	29	47	64	3.60	
1823	20-11-15	22-57	29	54	60	27	47	59	3.59	
1824	20-11-15	23-8	30	56	63	29	50	62	3.60	
1825	20-11-15	23-18	27	54	62	26	47	60	3.60	
1826	20-11-15	23-29	26	53	63	26	47	62	3.61	
1827	20-11-15	23-39	29	57	70	27	50	66	3.60	
1828	20-11-15	23-50	29	54	62	27	47	61	3.60	
1829	20-11-16	0-0	30	55	70	29	49	66	3.60	
1830	20-11-16	0-11	27	54	61	26	47	59	3.60	
1831	20-11-16	0-21	25	45	50	25	42	50	3.60	
1832	20-11-16	0-32	27	54	61	26	47	59	3.60	
1833	20-11-16	0-42	30	57	65	29	50	62	3.59	
1834	20-11-16	0-53	26	55	63	26	49	62	3.60	
1835	20-11-16	1-3	27	50	58	26	46	58	3.59	
1836	20-11-16	1-14	30	59	65	29	51	62	3.58	
1837	20-11-16	1-24	26	56	66	26	50	63	3.60	
1838	20-11-16	1-35	27	49	58	26	45	58	3.60	
1839	20-11-16	1-46	27	50	60	26	46	59	3.59	
1840	20-11-16	1-56	25	44	56	25	42	56	3.59	
1841	20-11-16	2-7	23	47	55	23	43	55	3.59	
1842	20-11-16	2-17	27	50	55	26	46	55	3.60	
1843	20-11-16	2-28	27	50	54	26	46	54	3.59	
1844	20-11-16	2-38	22	46	51	22	43	51	3.59	
1845	20-11-16	2-49	26	46	55	26	43	55	3.59	
1846	20-11-16	2-59	27	51	55	26	46	55	3.60	
1847	20-11-16	3-10	27	49	55	26	45	55	3.58	
1848	20-11-16	3-20	27	48	58	26	44	58	3.59	
1849	20-11-16	3-31	26	53	59	26	46	58	3.59	
1850	20-11-16	3-41	27	51	56	26	45	56	3.59	
1851	20-11-16	3-52	23	40	47	23	39	47	3.59	
1852	20-11-16	4-2	24	51	55	24	45	55	3.59	
1853	20-11-16	4-13	24	45	53	24	43	53	3.59	
1854	20-11-16	4-24	23	51	59	23	45	59	3.60	
1855	20-11-16	4-34	26	47	49	26	43	49	3.59	
1856	20-11-16	4-45	26	47	52	26	43	52	3.59	
1857	20-11-16	4-55	23	43	47	23	42	47	3.59	
1858	20-11-16	5-6	23	51	62	23	46	60	3.58	
1859	20-11-16	5-16	22	42	51	22	40	51	3.59	
1860	20-11-16	5-27	22	43	44	22	42	44	3.58	
1861	20-11-16	5-37	22	46	50	22	43	50	3.58	
1862	20-11-16	5-48	21	39	47	21	39	47	3.59	
1863	20-11-16	5-58	23	44	45	23	42	45	3.59	
1864	20-11-16	6-9	22	36	37	22	36	37	3.58	
1865	20-11-16	6-19	22	45	49	22	42	49	3.58	
1866	20-11-16	6-30	23	42	48	23	42	50	3.59	
1867	20-11-16	6-40	23	42	43	23	40	43	3.59	
1868	20-11-16	6-51	19	40	43	19	39	43	3.59	
1869	20-11-16	7-2	23	38	42	23	38	42	3.59	
1870	20-11-16	7-12	18	35	36	18	35	36	3.58	
1871	20-11-16	7-23	19	35	36	19	35	36	3.58	
1872	20-11-16	7-33	19	39	44	19	39	44	3.58	
1873	20-11-16	7-44	21	42	47	21	41	47	3.58	
1874	20-11-16	7-54	22	39	45	22	39	45	3.58	
1875	20-11-16	8-5	23	42	47	23	40	47	3.58	
1876	20-11-16	8-15	25	43	43	25	42	43	3.58	
1877	20-11-16	8-26	25	42	49	25	41	49	3.58	
1878	20-11-16	8-36	22	41	46	22	39	46	3.58	
1879	20-11-16	8-47	24	42	53	24	41	53	3.58	
1880	20-11-16	8-57	24	45	47	24	43	47	3.57	
1881	20-11-16	9-8	21	42	47	21	41	47	3.59	
1882	20-11-16	9-18	23	44	48	23	42	48	3.57	
1883	20-11-16	9-29	25	42	45	25	41	45	3.58	
1884	20-11-16	9-40	22	44	54	22	42	54	3.58	
1885	20-11-16	9-50	26	42	48	26	41	48	3.57	
1886	20-11-16	10-1	22	38	46	22	38	46	3.57	
1887	20-11-16	10-11	23	36	39	23	36	39	3.58	
1888	20-11-16	10-22	24	44	49	24	42	49	3.58	
1889	20-11-16	10-32	22	39	47	22	39	47	3.58	
1890	20-11-16	10-43	22	41	44	22	40	44	3.57	
1891	20-11-16	10-53	23	41	47	23	40	47	3.57	
1892	20-11-16	11-4	22	38	46	22	38	46	3.57	
1893	20-11-16	11-14	23	37	40	23	37	40	3.57	
1894	20-11-16	11-25	23	34	38	23	34	38	3.57	
1895	20-11-16	11-35	21	40	45	21	38	45	3.55	
1896	20-11-16	11-46	21	38	47	21	38	47	3.57	
1897	20-11-16	11-56	24	40	43	24	39	43	3.57	
1898	20-11-16	12-7	20	36	40	20	36	40	3.57	
1899	20-11-16	12-18	22	38	39	22	38	39	3.57	
1900	20-11-16	12-28	24	45	46	24	42	46	3.57	
1901	20-11-16	12-39	22	37	48	22	37	48	3.57	
1902	20-11-16	12-49	22	44	47	22	41	47	3.56	
1903	20-11-16	13-0	23	44	47	23	42	47	3.56	
1904	20-11-16	13-10	23	44	48	23	42	48	3.56	
1905	20-11-16	13-21	21	38	41	21	38	41	3.56	
1906	20-11-16	13-31	20	39	40	20	39	40	3.56	
1907	20-11-16	13-42	23	39	44	23	39	44	3.56	
1908	20-11-16	13-52	21	38	42	21	38	42	3.56	
1909	20-11-16	14-3	21	35	39	21	35	39	3.56	
1910	20-11-16	14-13	22	35	38	22	35	38	3.57	
1911	20-11-16	14-24	19	37	40	19	37	40	3.56	
1912	20-11-16	14-34	19	31	35	19	31	35	3.55	
1913	20-11-16	14-45	20	33	37	20	33	37	3.55	
1914	20-11-16	14-56	20	36	41	20	36	41	3.56	
1915	20-11-16	15-6	26	45	50	26	42	50	3.56	
1916	20-11-16	15-17	24	43	49	24	41	49	3.54	
1917	20-11-16	15-27	22	35	39	22	35	39	3.56	
1918	20-11-16	15-38	22	38	39	22	38	39	3.55	
1919	20-11-16	15-48	23	42	45	23	40	45	3.55	
1920	20-11-16	15-59	22	39	46	22	39	46	3.55	
1921	20-11-16	16-9	23	39	40	23	39	40	3.55	
1922	20-11-16	16-20	22	38	44	22	38	44	3.55	
1923	20-11-16	16-30	23	38	43	23	38	43	3.55	
1924	20-11-16	16-41	19	39	45	19	39	45	3.55	
1925	20-11-16	16-51	22	42	48	22	40	48	3.55	
1926	20-11-16	17-2	22	35	38	22	35	38	3.56	
1927	20-11-16	17-12	22	40	51	22	39	51	3.53	
1928	20-11-16	17-23	19	36	38	19	36	38	3.55	
1929	20-11-16	17-33	22	37	43	22	37	43	3.55	
1930	20-11-16	17-44	23	37	46	23	37	46	3.54	
1931	20-11-16	17-55	22	35	42	22	35	42	3.54	
1932	20-11-16	18-5	21	39	43	21	39	43	3.54	
1933	20-11-16	18-16	23	35	38	23	35	38	3.54	
1934	20-11-16	18-26	22	37	39	22	37	39	3.54	
1935	20-11-16	18-37	22	41	47	22	39	47	3.54	
1936	20-11-16	18-47	19	31	34	19	31	34	3.54	
1937	20-11-16	18-58	17	33	34	17	33	34	3.55	
1938	20-11-16	19-8	18	31	33	18	31	33	3.54	
1939	20-11-16	19-19	14	27	32	14	27	32	3.54	
1940	20-11-16	19-29	18	34	35	18	34	35	3.54	
1941	20-11-16	19-40	18	31	35	18	31	35	3.53	
1942	20-11-16	19-50	22	40	43	22	39	43	3.53	
1943	20-11-16	20-1	17	31	37	17	31	37	3.54	
1944	20-11-16	20-11	15	27	30	15	27	30	3.53	
1945	20-11-16	20-22	15	34	38	15	34	38	3.53	
1946	20-11-16	20-33	15	27	31	15	27	31	3.53	
1947	20-11-16	20-43	18	29	31	18	29	31	3.53	
1948	20-11-16	20-54	14	27	34	14	27	34	3.53	
1949	20-11-16	21-4	18	34	34	18	34	34	3.54	
1950	20-11-16	21-15	17	31	35	17	31	35	3.53	
1951	20-11-16	21-25	20	37	44	20	37	44	3.52	
1952	20-11-16	21-36	20	36	40	20	36	40	3.53	
1953	20-11-16	21-46	22	43	48	22	42	48	3.52	
1954	20-11-16	21-57	21	39	40	21	39	40	3.52	
1955	20-11-16	22-7	21	43	49	21	42	49	3.53	
1956	20-11-16	22-18	20	39	45	20	39	45	3.52	
1957	20-11-16	22-28	20	33	40	20	33	40	3.53	
1958	20-11-16	22-39	18	36	44	18	36	44	3.52	
1959	20-11-16	22-49	19	32	39	19	32	39	3.52	
1960	20-11-16	23-0	20	41	44	20	40	44	3.52	
1961	20-11-16	23-11	19	33	37	19	33	37	3.52	
1962	20-11-16	23-21	23	39	46	23	38	46	3.52	
1963	20-11-16	23-32	20	37	41	20	37	41	3.52	
1964	20-11-16	23-42	20	41	52	20	40	52	3.53	
1965	20-11-16	23-53	18	36	38	18	36	38	3.52	
1966	20-11-17	0-3	18	33	36	18	33	36	3.52	
1967	20-11-17	0-14	14	32	36	14	32	36	3.51	
1968	20-11-17	0-24	19	30	36	19	30	36	3.52	
1969	20-11-17	0-35	19	33	37	19	33	37	3.50	
1970	20-11-17	0-45	19	33	41	19	33	41	3.50	
1971	20-11-17	0-56	18	28	33	18	28	33	3.51	
1972	20-11-17	1-6	19	36	45	19	36	45	3.51	
1973	20-11-17	1-17	16	32	34	16	32	34	3.51	
1974	20-11-17	1-27	19	36	45	19	36	45	3.51	
1975	20-11-17	1-38	17	35	38	17	35	38	3.50	
1976	20-11-17	1-49	19	30	33	19	30	33	3.50	
1977	20-11-17	1-59	16	33	46	16	33	46	3.50	
1978	20-11-17	2-10	18	32	37	18	32	37	3.51	
1979	20-11-17	2-20	18	30	36	18	30	36	3.50	
1980	20-11-17	2-31	15	32	38	15	32	38	3.50	
1981	20-11-17	2-41	16	32	37	16	32	37	3.50	
1982	20-11-17	2-52	18	29	34	18	29	34	3.48	
1983	20-11-17	3-2	14	29	33	14	29	33	3.50	
1984	20-11-17	3-13	12	24	25	12	24	25	3.49	
1985	20-11-17	3-23	14	27	28	14	27	28	3.50	
1986	20-11-17	3-34	14	25	25	14	25	25	3.49	
1987	20-11-17	3-44	12	23	25	12	23	25	3.50	
1988	20-11-17	3-55	11	23	28	11	23	28	3.49	
1989	20-11-17	4-5	12	23	28	12	23	28	3.49	
1990	20-11-17	4-16	14	27	30	14	27	30	3.49	
1991	20-11-17	4-27	14	28	36	14	28	36	3.49	
1992	20-11-17	4-37	11	24	27	11	24	27	3.50	
1993	20-11-17	4-48	14	28	29	14	28	29	3.49	
1994	20-11-17	4-58	15	29	32	15	29	32	3.48	
1995	20-11-17	5-9	14	30	34	14	30	34	3.50	
1996	20-11-17	5-19	12	25	25	12	25	25	3.47	
1997	20-11-17	5-30	14	33	36	14	33	36	3.48	
1998	20-11-17	5-40	14	29	37	14	29	37	3.46	
1999	20-11-17	5-51	12	24	30	12	24	30	3.48	
2000	20-11-17	6-1	14	27	32	14	27	32	3.48	
2001	20-11-17	6-12	14	29	29	14	29	29	3.47	
2002	20-11-17	6-22	14	29	35	14	29	35	3.48	
2003	20-11-17	6-33	14	26	28	14	26	28	3.48	
2004	20-11-17	6-43	14	26	31	14	26	31	3.47	
2005	20-11-17	6-54	15	26	29	15	26	29	3.47	
2006	20-11-17	7-5	14	31	36	14	31	36	3.46	
2007	20-11-17	7-15	15	27	32	15	27	32	3.47	
2008	20-11-17	7-26	18	31	33	18	31	33	3.47	
2009	20-11-17	7-36	16	31	37	16	31	37	3.47	
2010	20-11-17	7-47	15	27	28	15	27	28	3.47	
2011	20-11-17	7-57	15	28	31	15	28	31	3.47	
2012	20-11-17	8-8	15	29	33	15	29	33	3.47	
2013	20-11-17	8-18	15	27	31	15	27	31	3.46	
2014	20-11-17	8-29	15	28	29	15	28	29	3.46	
2015	20-11-17	8-39	14	22	22	14	22	22	3.46	
2016	20-11-17	8-50	14	29	35	14	29	35	3.46	
2017	20-11-17	9-0	15	27	33	15	27	33	3.46	
2018	20-11-17	9-11	15	26	27	15	26	27	3.44	
2019	20-11-17	9-21	13	23	29	13	23	29	3.45	
2020	20-11-17	9-32	13	20	22	13	20	22	3.45	
2021	20-11-17	9-43	13	22	27	13	22	27	3.45	
2022	20-11-17	9-53	10	19	23	10	19	23	3.46	
2023	20-11-17	10-4	10	18	23	10	18	23	3.46	
2024	20-11-17	10-14	9	14	16	9	14	16	3.44	
2025	20-11-17	10-25	7	15	17	7	15	17	3.44	
2026	20-11-17	10-35	10	16	18	10	16	18	3.44	
2027	20-11-17	10-46	7	15	16	7	15	16	3.44	
2028	20-11-17	10-56	7	13	13	7	13	13	3.44	
2029	20-11-17	11-7	7	12	13	7	12	13	3.44	
2030	20-11-17	11-17	8	16	20	8	16	20	3.44	
2031	20-11-17	11-28	10	19	24	10	19	24	3.44	
2032	20-11-17	11-38	8	14	15	8	14	15	3.43	
2033	20-11-17	11-49	8	15	16	8	15	16	3.44	
2034	20-11-17	11-59	10	16	16	10	16	16	3.44	
2035	20-11-17	12-10	10	15	15	10	15	15	3.44	
2036	20-11-17	12-21	8	17	22	8	17	22	3.44	
2037	20-11-17	12-31	8	15	17	8	15	17	3.44	
2038	20-11-17	12-42	10	15	16	10	15	16	3.42	
2039	20-11-17	12-52	10	16	20	10	16	20	3.43	
2040	20-11-17	13-3	10	17	20	10	17	20	3.42	
2041	20-11-17	13-13	11	17	20	11	17	20	3.44	
2042	20-11-17	13-24	10	17	18	10	17	18	3.43	
2043	20-11-17	13-34	11	22	24	11	22	24	3.43	
2044	20-11-17	13-45	11	20	22	11	20	22	3.43	
2045	20-11-17	13-55	8	17	17	8	17	17	3.43	
2046	20-11-17	14-6	12	21	21	12	21	21	3.42	
2047	20-11-17	14-16	12	22	25	12	22	25	3.43	
2048	20-11-17	14-27	13	21	21	13	21	21	3.43	
2049	20-11-17	14-37	12	22	24	12	22	24	3.43	
2050	20-11-17	14-48	12	21	25	12	21	25	3.42	
2051	20-11-17	14-58	13	22	26	13	22	26	3.43	
2052	20-11-17	15-9	12	20	22	12	20	22	3.42	
2053	20-11-17	15-20	11	20	23	11	20	23	3.41	
2054	20-11-17	15-30	12	21	21	12	21	21	3.42	
2055	20-11-17	15-41	15	23	25	15	23	25	3.42	
2056	20-11-17	15-51	11	17	17	11	17	17	3.42	
2057	20-11-17	16-2	10	20	20	10	20	20	3.43	
2058	20-11-17	16-12	8	17	18	8	17	18	3.42	
2059	20-11-17	16-23	11	20	22	11	20	22	3.42	
2060	20-11-17	16-33	11	18	20	11	18	20	3.42	
2061	20-11-17	16-44	11	17	21	11	17	21	3.41	
2062	20-11-17	16-54	10	19	21	10	19	21	3.42	
2063	20-11-17	17-5	8	15	17	8	15	17	3.41	
2064	20-11-17	17-15	8	16	19	8	16	19	3.42	
2065	20-11-17	17-26	8	12	16	8	12	16	3.41	
2066	20-11-17	17-36	7	15	16	7	15	16	3.41	
2067	20-11-17	17-47	7	14	15	7	14	15	3.41	
2068	20-11-17	17-58	7	17	22	7	17	22	3.41	
2069	20-11-17	18-8	8	15	17	8	15	17	3.41	
2070	20-11-17	18-19	7	16	19	7	16	19	3.41	
2071	20-11-17	18-29	10	19	20	10	19	20	3.40	
2072	20-11-17	18-40	14	22	29	14	22	29	3.40	
2073	20-11-17	18-50	10	20	22	10	20	22	3.40	
2074	20-11-17	19-1	10	20	20	10	20	20	3.40	
2075	20-11-17	19-11	10	16	20	10	16	20	3.38	
2076	20-11-17	19-22	8	15	17	8	15	17	3.40	
2077	20-11-17	19-32	8	19	24	8	19	24	3.40	
2078	20-11-17	19-43	8	17	20	8	17	20	3.39	
2079	20-11-17	19-53	9	15	20	9	15	20	3.39	
2080	20-11-17	20-4	7	13	16	7	13	16	3.39	
2081	20-11-17	20-14	7	15	16	7	15	16	3.38	
2082	20-11-17	20-25	7	12	13	7	12	13	3.38	
2083	20-11-17	20-36	7	12	15	7	12	15	3.38	
2084	20-11-17	20-46	6	12	13	6	12	13	3.38	
2085	20-11-17	20-57	5	11	13	5	11	13	3.37	
2086	20-11-17	21-7	6	12	13	6	12	13	3.37	
2087	20-11-17	21-18	5	11	12	5	11	12	3.36	
2088	20-11-17	21-28	6	13	16	6	13	16	3.35	
2089	20-11-17	21-39	6	11	12	6	11	12	3.35	
2090	20-11-17	21-49	3	10	12	3	10	12	3.32	
2091	20-11-17	22-0	6	13	20	6	13	20	3.34	
2092	20-11-17	22-10	5	8	8	5	8	8	3.33	
2093	20-11-17	22-21	3	7	10	3	7	10	3.32	
2094	20-11-17	22-31	3	8	10	3	8	10	3.32	
2095	20-11-17	22-42	3	7	7	3	7	7	3.31	
2096	20-11-17	22-52	5	11	12	5	11	12	3.30	
2097	20-11-17	23-3	3	7	7	3	7	7	3.29	
2098	20-11-17	23-14	3	7	10	3	7	10	3.28	
